2
6
0
3
7
4
7
4
7
0
3
0
7
1
0
6
0
3
0
6
0
1
0
3
0
7
0
7
0
7
0
7
0
7
0
7
0
7
0
7
0
7
0
7
0
7
0
7
0
8
6
6
1
5
1
0
2
0
8
0
2
0
5
0
2
0
2
2
0
2
0
4
0
5
0
8
0
1
0
2
0
2
0
4
0
5
0
4
0
5
0
5
0
5
0
8
0
6
0
8
0
6
0
8
0
6
0
5
0
6
0
5
0
6
0
1
0
2
0
8
0
8
0
5
0
8
0
5
0
6
0
1
0
5
0
8
0
6
0
4
0
8
0
5
0
5
0
1
0
2
0
8
0
8
0
3
0
5
0
1
0
2
0
8
0
8
0
2
0
4
0
8
0
8
0
8
0
1
0
5
0
8
0
2
0
2
0
5
0
2
0
2
0
5
0
8
0
4
0
2
0
5
0
8
0
5
0
8
0
2
0
4
0
6
0
2
0
2
0
1
0
1
0
8
0
4
0
4
0
2
0
8
0
2
0
8
0
4
0
8
0
2
0
4
0
3
0
8
0
2
0
5
0
4
0
4
0
8
0
2
0
5
0
4
0
4
3
1
8
6
5
3
4
2
4
6
8
8
4
8
0
8
0
5
0
2
0
5
0
5
0
5
4
5
3
8
4
0
8
0
4
0
8
0
5
0
8
0
4
0
2
0
8
0
4
0
6
0
8
0
8
0
5
0
6
0
6
0
6
0
8
0
8
0
4
0
2
0
3
0
4
0
8
0
2
0
2
0
4
0
5
0
8
0
2
0
5
0
8
0
6
8
6
6
3
4
5
2
5
5
5
8
8
5
8
2
8
2
2
4
5
8
6
2
4
5
6
2
0
6
0
3
0
5
0
2
0
5
0
6
0
5
0
8
0
5
0
5
0
8
0
5
0
8
0
8
0
4
0
4
0
8
0
8
0
2
0
8
0
8
0
6
0
5
0
5
0
5
0
4
0
8
0
8
0
4
0
6
0
2
0
2
0
5
0
4
0
4
0
6
0
8
0
8
0
5
0
6
