6
1
6
4
3
1
6
1
4
4
6
3
4
3
1
3
2
1
1
1
3
6
3
4
7
4
7
1
7
4
7
5
7
6
7
3
7
1
7
4
7
2
7
3
7
1
7
5
7
8
7
6
7
1
7
2
7
8
7
8
7
1
7
4
7
3
7
8
7
6
7
4
7
0
7
0
7
0
7
0
7
0
2
0
6
0
6
0
8
0
2
0
8
0
3
0
2
0
4
0
3
0
5
0
5
0
5
0
5
0
3
0
5
0
5
0
6
0
4
0
8
0
8
0
4
0
2
0
6
0
4
0
4
0
4
0
8
0
4
0
8
0
4
0
4
0
6
0
6
0
5
0
4
0
8
0
4
0
5
0
4
0
8
0
2
0
6
0
4
0
5
0
4
0
4
0
8
0
1
0
8
0
6
0
6
0
5
0
5
0
5
0
5
0
6
0
8
0
2
0
6
0
4
0
4
0
8
0
1
0
8
0
4
0
4
0
4
0
4
0
8
0
2
0
4
0
6
0
2
0
8
0
2
0
2
0
2
0
8
0
5
0
2
0
6
0
6
0
5
0
8
0
7
0
7
0
7
0
7
0
7
0
7
0
7
0
7
0
7
0
7
0
7
0
7
0
7
0
7
0
7
0
7
0
7
0
7
0
7
0
7
0
7
0
7
0
7
0
7
0
7
0
7
0
7
0
7
0
7
0
7
0
7
0
7
0
7
0
7
0
7
0
7
0
7
0
7
0
7
0
7
0
7
0
7
0
7
0
7
0
7
0
7
0
7
0
7
0
7
0
7
0
7
0
7
0
7
0
7
0
7
0
7
0
7
0
7
0
7
0
7
0
7
0
7
0
7
0
7
0
7
0
7
0
7
0
7
0
7
0
7
0
7
0
7
0
7
0
7
0
7
0
7
0
7
0
7
0
7
0
7
0
7
0
7
0
7
0
7
0
7
0
7
0
7
0
7
0
7
0
7
0
7
0
7
0
7
0
7
0
7
0
7
0
7
0
7
0
7
0
7
0
7
0
7
0
7
0
7
0
7
0
7
0
7
0
7
0
