2
6
0
6
4
3
0
3
3
0
3
6
0
4
0
1
0
1
5
4
3
2
4
3
5
3
5
5
4
1
5
3
2
5
1
1
5
3
7
2
7
8
7
4
7
4
7
6
7
0
7
0
7
0
7
0
7
0
7
0
7
0
7
0
7
0
7
0
7
0
7
0
7
0
7
0
7
0
7
0
7
0
7
0
7
0
7
0
7
0
7
0
7
0
7
0
7
0
7
0
7
0
7
0
7
0
7
0
7
0
7
0
7
0
7
0
7
0
7
0
7
0
7
0
7
0
7
0
7
0
7
0
7
0
7
0
7
0
7
0
7
0
7
0
7
4
7
8
7
8
7
2
7
8
7
5
7
8
7
4
7
4
7
6
7
2
7
5
7
4
7
2
7
5
7
4
7
8
7
8
7
4
7
4
7
5
7
3
7
2
7
0
7
0
7
0
7
0
7
0
7
0
7
0
7
0
7
8
7
8
7
8
7
8
7
8
7
5
7
5
7
4
7
4
7
4
7
4
7
8
7
2
7
4
7
2
7
8
7
8
7
5
7
4
7
2
7
5
7
8
7
5
7
8
7
5
7
6
7
0
7
0
7
0
7
0
7
0
7
0
7
0
7
0
7
0
7
0
7
0
7
0
7
0
7
0
7
0
7
0
7
0
7
0
7
0
7
0
7
0
7
0
7
0
7
0
7
0
7
0
7
0
7
0
7
0
7
0
7
0
7
0
7
0
7
0
7
0
7
0
7
0
7
0
7
0
7
0
7
0
7
0
7
0
7
0
7
0
7
0
7
0
7
0
7
0
7
0
7
0
7
0
7
0
7
0
7
0
7
0
7
0
7
0
7
0
7
0
7
0
7
0
7
0
7
0
7
0
7
0
7
0
7
0
7
0
7
0
7
0
7
0
7
0
7
0
7
0
7
0
7
0
7
0
7
0
7
0
7
0
7
0
7
0
7
0
7
0
7
0
7
0
7
0
7
0
7
0
7
0
7
0
7
0
7
0
7
0
7
0
7
0
7
0
7
0
7
0
7
0
7
0
7
0
7
0
7
0
