3
4
1
4
8
0
8
5
0
1
0
3
3
5
1
3
3
4
1
3
0
8
0
3
0
5
0
6
0
4
0
3
6
5
4
6
0
7
0
7
0
7
0
7
1
7
5
7
4
7
8
7
6
7
8
7
5
7
3
7
4
7
0
7
0
7
0
7
0
7
0
7
0
7
0
7
0
7
0
7
0
7
0
7
0
7
0
7
0
7
0
7
0
7
0
7
0
7
0
7
0
7
0
7
0
7
0
7
0
7
0
7
0
7
0
7
0
7
0
7
0
7
0
7
0
7
0
7
0
7
0
7
0
7
0
7
0
7
0
7
0
8
0
2
0
5
0
5
0
4
0
8
0
4
0
8
0
5
0
8
0
6
0
2
0
3
0
4
0
5
0
3
0
5
0
5
0
8
0
2
0
5
0
4
0
5
4
6
8
8
3
4
5
8
4
8
2
8
0
5
8
0
4
0
5
0
8
0
2
0
8
0
4
0
2
0
3
0
4
0
8
0
8
0
4
0
8
0
8
5
8
5
8
5
2
6
8
4
5
2
8
4
5
8
0
4
0
5
8
0
8
0
6
0
5
0
8
0
2
0
1
0
6
0
7
0
7
0
7
0
7
0
7
0
7
0
7
0
7
0
7
0
7
0
7
0
7
0
7
0
7
0
7
0
7
0
7
0
7
0
7
0
7
0
7
0
7
0
7
0
7
0
7
0
7
0
7
0
7
0
7
0
7
0
7
0
7
0
7
0
7
0
7
0
7
0
7
0
7
0
7
0
7
0
7
0
7
0
7
0
7
0
7
0
7
0
7
0
7
0
7
0
7
0
7
0
7
0
7
0
7
0
7
0
7
0
7
0
7
0
7
0
7
0
7
0
7
0
7
0
7
0
7
0
7
0
7
0
7
0
7
0
7
0
7
0
7
8
7
8
7
0
7
0
7
0
7
0
7
0
7
0
7
0
7
0
7
0
7
0
7
0
7
0
7
0
7
0
7
0
7
0
7
0
7
0
7
0
7
0
7
0
7
0
7
0
7
0
7
0
7
0
7
0
7
8
7
4
