4
3
7
1
1
1
4
7
3
4
4
1
6
3
4
3
4
3
5
2
4
6
1
1
6
5
8
3
3
2
8
1
4
0
1
0
8
0
8
0
7
0
7
0
7
0
7
0
7
0
7
8
7
5
7
3
7
6
7
0
7
0
7
0
7
0
7
0
7
0
7
0
7
8
7
4
7
0
7
0
7
0
7
0
7
0
7
0
7
0
7
0
7
0
7
0
7
0
8
0
5
0
5
0
5
1
5
2
1
5
6
5
3
5
8
3
8
1
5
5
1
5
0
5
0
6
0
5
0
5
0
2
0
3
0
2
0
5
0
7
0
7
0
7
0
7
0
7
0
7
0
7
0
7
0
7
8
7
0
7
0
7
0
7
0
7
0
7
0
7
0
7
0
7
0
7
0
7
0
7
0
7
0
7
0
7
0
7
0
7
0
7
0
7
0
7
0
7
0
7
0
7
0
7
0
7
0
7
0
7
0
7
0
7
0
7
0
7
0
7
0
7
0
7
0
7
0
7
0
7
0
7
0
7
0
7
0
7
0
7
0
7
0
7
0
7
0
7
0
7
0
7
0
7
0
7
0
7
0
7
0
7
0
7
0
7
0
7
0
7
0
7
0
7
0
7
0
7
0
7
0
7
0
7
0
7
0
7
0
7
0
7
0
7
0
7
0
7
0
7
0
7
0
7
0
7
0
7
0
7
0
7
0
7
0
7
0
7
0
7
0
7
0
7
0
7
0
7
0
7
0
7
0
7
0
7
0
7
0
7
0
7
0
7
0
7
0
7
0
7
0
7
0
7
0
7
0
7
0
7
0
7
0
7
0
7
0
7
0
7
0
7
0
7
0
7
0
7
3
7
3
7
8
7
4
7
2
7
8
7
4
7
2
7
6
7
4
7
2
7
0
7
8
7
2
7
4
7
5
7
4
7
6
7
8
7
4
7
5
7
4
7
8
7
8
7
8
7
5
7
0
7
0
7
0
7
4
7
5
7
6
7
5
7
4
7
2
7
5
7
5
7
0
7
0
7
0
7
0
7
0
7
0
7
0
7
0
7
