2
5
7
2
7
3
3
7
7
8
7
3
8
7
7
7
6
7
4
7
0
7
0
1
2
7
8
7
2
7
0
7
0
7
0
7
0
7
0
4
0
7
0
7
0
7
0
7
0
7
0
7
0
6
0
7
0
7
0
7
0
7
0
7
0
7
1
7
3
7
8
7
1
7
0
7
0
7
0
7
6
7
0
7
0
7
0
7
0
7
0
7
0
7
0
7
0
7
0
7
0
7
0
7
0
7
0
7
0
7
0
7
0
7
0
7
0
7
0
7
0
7
0
7
0
7
0
7
0
7
0
7
0
7
0
7
0
7
0
7
0
7
0
7
0
7
0
7
0
7
0
7
0
5
0
5
0
4
0
1
5
8
5
4
5
1
1
5
1
6
0
5
0
5
0
4
0
2
0
6
0
7
0
7
0
7
0
7
0
7
0
7
0
7
0
7
0
7
0
7
0
7
0
7
0
7
0
7
0
7
0
7
0
7
0
7
0
7
0
7
0
7
0
7
0
7
0
7
0
7
0
7
0
7
0
7
0
7
0
8
0
8
0
6
0
8
0
5
6
6
2
8
5
2
5
0
6
0
6
0
5
0
6
0
5
0
4
0
4
5
5
6
5
2
6
2
5
6
4
5
6
0
6
0
5
0
5
0
6
0
6
0
6
0
5
0
5
0
5
5
6
5
4
5
4
8
4
5
6
5
8
5
0
2
0
6
0
6
0
2
0
6
0
6
0
5
0
5
0
6
0
5
0
5
0
8
0
4
0
2
0
5
0
5
0
5
0
5
0
5
0
5
0
5
0
6
0
6
0
5
0
5
0
5
0
5
0
5
0
6
0
6
0
6
0
6
0
8
0
5
0
6
0
4
0
7
0
7
0
7
0
7
8
7
3
7
5
7
4
7
6
7
6
7
5
7
5
7
5
7
5
7
8
7
4
7
4
7
8
7
2
7
4
7
6
7
5
7
5
7
5
7
4
7
4
7
5
8
8
5
7
5
7
5
7
5
7
5
7
1
7
8
7
8
7
4
7
4
7
5
7
0
7
0
7
0
7
0
