3
5
5
3
4
3
4
8
1
5
6
4
3
0
3
0
1
1
3
8
3
6
1
0
2
0
3
0
5
6
0
7
0
7
0
7
3
7
1
7
0
7
0
7
0
7
0
7
0
7
0
7
0
7
0
7
0
7
0
7
0
7
0
7
0
7
0
7
0
7
0
7
0
7
0
7
0
7
0
7
6
7
5
7
6
7
6
7
8
7
5
7
5
7
0
7
0
7
0
7
0
7
0
7
0
7
0
7
0
7
0
7
0
7
0
7
0
6
0
5
8
4
6
6
6
1
5
7
6
7
3
7
5
7
0
7
0
7
5
7
5
7
5
7
5
8
5
8
5
8
5
0
5
0
6
0
6
0
8
0
5
0
5
0
5
0
4
0
5
0
6
0
4
0
5
0
5
0
5
0
6
0
5
0
5
0
6
0
5
6
5
6
5
6
4
5
2
5
3
6
4
5
2
6
6
3
6
5
0
5
0
5
0
6
0
2
0
2
0
2
0
6
0
5
0
5
0
5
0
4
0
1
0
4
0
4
0
3
0
2
0
4
0
4
0
5
0
6
0
6
0
6
0
8
0
8
0
6
0
5
0
5
0
8
0
8
0
3
0
5
8
5
0
6
0
8
0
6
0
8
0
8
0
8
0
8
0
8
0
4
0
5
0
6
0
5
0
5
0
5
6
4
6
2
5
5
6
5
6
8
6
0
8
0
4
0
2
0
8
0
5
0
5
0
5
0
6
0
2
0
2
0
5
0
2
0
8
0
5
0
5
2
5
5
4
0
5
2
6
8
6
4
6
4
5
6
5
6
5
6
8
6
5
6
8
4
5
6
0
8
0
4
0
5
0
5
0
4
0
5
0
5
0
5
0
4
0
2
0
5
0
4
0
2
0
6
0
4
0
4
0
5
0
2
0
5
0
5
0
5
0
2
0
3
0
4
8
4
0
8
0
5
0
5
0
4
0
8
0
2
0
2
0
5
0
4
0
5
0
5
0
2
0
5
0
5
0
2
0
4
0
2
0
4
0
5
0
2
0
6
5
2
5
5
6
4
5
4
