8
1
8
6
3
1
1
3
6
1
8
6
7
4
3
6
5
5
1
6
7
4
7
6
7
4
8
7
6
7
4
7
5
7
1
7
6
7
3
7
5
7
6
7
3
7
5
7
4
7
5
7
3
7
4
7
6
7
1
7
1
7
8
7
3
7
5
7
3
7
8
7
1
7
6
7
5
8
5
7
8
7
0
7
0
7
0
8
0
8
0
8
0
5
0
4
8
5
5
6
6
5
5
5
5
1
6
5
6
5
6
5
1
8
6
0
1
0
5
0
1
0
1
0
5
5
5
5
6
5
5
2
8
0
6
0
5
2
8
0
8
0
8
0
7
0
7
0
7
0
7
0
7
0
7
0
7
0
7
0
7
0
7
0
7
0
7
0
7
8
7
5
8
7
8
7
5
7
6
7
6
7
5
7
6
7
4
7
5
8
5
6
5
8
6
5
5
2
5
7
5
7
5
7
0
7
0
7
0
7
0
7
0
7
0
7
0
7
0
7
0
7
0
7
0
7
0
7
0
7
0
7
0
7
5
7
5
7
2
7
8
7
5
8
5
8
5
4
5
7
6
7
4
7
5
7
2
7
4
7
4
5
5
5
5
5
6
8
5
2
6
4
8
7
5
7
6
7
5
7
5
7
5
7
5
7
5
7
6
7
2
7
4
7
6
7
2
7
6
7
4
7
4
7
0
7
0
7
0
7
0
7
0
7
0
7
0
7
0
7
0
7
0
7
0
8
0
6
8
2
6
0
6
0
6
0
6
0
4
0
6
0
4
0
6
0
6
0
8
0
6
0
4
0
5
0
5
0
6
0
4
0
5
0
5
0
5
8
5
6
5
2
5
6
8
4
5
4
5
8
5
8
5
7
5
7
5
7
5
7
5
7
5
7
4
7
4
7
8
7
5
7
8
7
5
7
6
7
0
7
0
7
0
7
0
7
0
7
0
7
0
7
0
7
0
7
0
7
0
7
0
7
0
7
0
7
5
7
5
7
5
5
5
2
5
6
6
0
6
0
4
0
5
0
5
0
4
0
4
0
5
0
6
0
6
0
6
0
