6
8
0
6
7
0
7
0
3
2
0
0
6
1
6
6
3
3
4
0
6
6
1
0
6
0
4
3
8
3
1
4
6
1
4
6
1
3
4
6
6
6
1
8
3
1
6
1
3
5
7
3
7
6
1
7
3
7
3
7
8
7
0
7
0
7
0
7
0
7
0
7
5
6
5
2
5
6
5
6
5
2
6
6
5
1
5
4
5
8
5
5
6
5
6
5
8
8
4
5
6
4
6
4
4
5
2
6
6
5
6
1
8
0
5
0
4
0
4
0
4
0
5
0
8
0
6
0
5
0
6
0
5
0
6
0
6
0
8
0
8
0
4
0
8
0
5
0
5
0
5
0
5
0
8
0
6
0
8
0
6
0
5
0
5
0
2
0
2
0
4
5
8
8
4
2
8
5
5
5
5
4
5
8
4
5
7
5
7
5
7
5
7
5
7
6
7
6
7
5
7
6
7
5
7
5
7
4
7
5
7
6
7
4
7
5
7
4
7
8
7
5
7
4
7
4
7
5
7
4
7
2
7
5
7
4
7
4
7
4
7
8
7
8
7
4
7
5
7
5
7
4
7
6
7
2
7
6
7
6
7
8
7
5
7
5
7
5
7
0
7
0
7
0
7
0
7
0
7
0
7
0
7
0
7
0
7
0
7
0
7
0
7
0
7
0
7
0
7
0
7
0
7
0
7
0
7
0
7
0
7
8
7
0
7
8
7
5
8
5
8
2
5
0
5
0
5
0
6
0
4
0
2
0
5
0
5
2
6
4
6
6
5
6
4
5
8
5
2
4
5
4
8
0
5
0
8
6
8
6
4
5
6
5
5
5
6
5
6
5
8
6
4
8
4
5
0
6
0
4
0
6
0
6
0
4
0
4
0
5
0
5
0
6
0
6
0
6
0
8
0
4
0
6
0
4
0
5
0
5
0
5
0
5
0
5
0
6
0
6
0
6
0
5
0
4
0
6
0
4
0
4
0
5
0
5
0
5
0
5
0
5
0
2
0
5
0
4
0
4
0
4
0
4
0
5
0
6
0
6
0
5
0
5
0
6
0
6
