0
5
7
7
3
6
7
1
3
3
3
6
6
8
3
1
3
4
1
1
3
1
3
4
1
6
1
3
3
0
6
0
3
5
6
0
6
0
5
8
0
1
1
1
3
6
0
1
0
6
0
7
0
7
0
7
0
7
0
7
0
7
0
6
0
7
0
7
0
7
0
8
0
7
0
7
0
7
0
7
0
7
0
7
0
7
8
7
5
8
5
0
2
0
5
0
5
0
5
0
2
0
6
2
5
0
5
0
5
0
5
0
6
0
5
0
5
0
5
0
5
0
5
0
6
0
1
0
4
0
8
0
8
0
6
0
5
0
5
0
5
0
5
0
3
0
6
0
3
0
8
0
8
0
4
0
7
0
7
0
8
0
4
0
4
0
8
0
1
0
4
0
8
0
1
0
2
0
5
8
0
5
2
8
2
5
8
5
2
6
6
5
2
6
0
2
0
2
0
6
0
5
0
5
0
6
0
5
0
5
0
6
0
6
0
5
0
5
0
5
0
4
0
4
0
5
0
6
0
6
0
6
0
8
0
4
0
5
0
2
0
6
0
4
0
6
0
2
0
4
0
4
0
4
0
5
0
8
0
4
0
5
8
4
5
5
5
6
8
6
0
5
0
5
0
5
0
4
0
8
0
5
8
0
4
0
7
0
7
0
7
0
7
0
7
0
7
0
7
0
7
0
7
0
7
0
7
5
8
0
5
0
4
0
5
0
5
0
4
0
5
0
6
0
7
0
7
0
7
0
7
0
7
0
7
0
7
0
7
0
7
0
7
0
7
0
7
8
7
8
7
4
7
8
7
6
7
4
8
4
2
6
5
6
0
4
0
4
0
5
0
5
0
5
0
6
5
5
0
5
0
4
0
6
0
8
0
6
0
5
0
5
0
5
0
8
0
8
0
5
0
4
0
8
0
8
0
8
0
4
0
4
0
5
0
8
0
5
0
2
0
5
0
5
0
4
0
6
0
6
0
6
0
4
0
4
0
6
0
5
0
6
0
6
0
4
0
8
5
2
4
2
5
2
5
0
2
2
6
5
2
5
2
6
5
2
6
2
