4
5
7
0
7
6
0
7
3
7
0
7
2
7
8
3
6
3
3
0
6
0
3
0
1
0
4
0
5
0
1
0
4
0
1
0
8
0
5
0
5
0
3
0
6
0
3
0
3
0
3
6
0
3
0
1
6
0
3
0
6
0
2
0
5
0
5
0
1
0
6
0
6
0
7
0
7
0
7
0
7
0
7
0
7
0
8
0
8
0
8
0
8
0
8
0
5
0
4
6
2
6
0
6
0
4
0
4
0
6
0
4
0
2
0
4
0
5
0
5
0
6
0
5
6
5
0
2
5
5
0
5
0
6
0
8
0
3
0
5
0
4
0
6
0
5
0
5
0
4
0
8
0
5
0
4
0
4
0
5
0
5
0
5
0
5
0
5
0
5
0
6
0
6
0
5
0
5
0
5
0
6
0
6
0
6
0
2
0
5
0
5
0
6
0
5
0
2
0
5
0
5
0
6
0
6
0
5
0
3
0
8
0
5
0
6
0
6
0
5
0
6
0
5
0
6
0
5
0
5
0
6
0
5
0
6
0
5
0
3
0
8
0
5
0
5
0
6
0
5
0
6
0
6
0
5
0
5
0
5
0
6
0
5
0
5
0
4
0
4
0
6
0
6
0
1
0
5
0
5
0
6
0
6
0
6
0
8
0
8
0
8
0
6
0
6
0
4
0
4
0
5
0
8
0
4
0
8
0
6
6
6
5
6
5
6
7
6
7
0
7
0
7
0
7
0
7
0
7
0
7
0
7
0
7
0
7
0
7
0
7
0
7
0
7
0
7
0
7
0
7
0
7
0
8
0
8
0
8
0
5
0
4
0
5
0
1
0
5
0
8
0
8
0
4
0
4
0
5
0
6
0
5
0
6
0
4
0
2
0
8
0
5
0
5
0
4
0
8
0
8
0
5
0
5
0
6
5
8
5
2
5
7
5
7
8
7
5
7
5
7
0
7
0
7
0
7
0
7
0
7
0
7
0
7
0
7
0
7
0
7
0
7
0
7
0
7
0
7
0
7
0
6
0
6
0
4
0
8
0
4
0
4
0
7
0
7
0
