6
5
6
5
3
3
3
6
5
1
3
6
2
3
8
8
1
3
1
1
2
3
7
5
3
0
3
1
3
1
1
0
7
0
7
0
7
6
7
0
7
0
7
0
7
0
7
0
7
0
7
0
7
0
7
0
7
0
7
0
7
0
7
0
7
0
7
0
7
0
7
0
7
0
4
0
7
0
5
0
6
0
6
0
8
0
7
0
7
0
7
0
7
0
7
0
7
0
7
0
7
0
7
0
7
0
7
0
7
0
7
0
7
0
7
0
7
0
7
0
7
0
7
0
7
0
7
0
5
0
5
0
5
8
5
4
8
8
0
4
0
5
8
0
4
0
5
0
1
0
1
0
5
0
5
0
5
6
7
6
7
5
7
6
7
1
7
4
7
4
7
4
7
4
7
8
7
8
7
5
7
1
7
8
7
6
7
5
7
4
7
6
7
6
7
6
7
4
7
8
7
4
7
5
8
2
4
5
3
6
2
5
6
0
6
0
5
0
6
0
5
0
5
0
5
0
5
0
6
8
5
2
8
5
4
8
8
0
6
0
4
0
5
0
5
0
5
0
5
0
5
0
5
0
5
0
4
0
4
0
8
0
4
0
5
0
6
5
2
5
0
5
0
6
0
6
0
8
0
8
0
6
0
8
0
6
0
5
0
5
0
5
0
8
0
5
0
5
0
8
0
6
0
4
0
4
0
8
0
6
0
5
0
5
0
5
0
5
0
4
0
4
0
4
0
5
8
5
6
5
5
8
6
8
5
6
4
6
0
8
6
5
2
5
1
6
2
4
6
4
5
4
5
4
5
4
2
5
4
0
4
0
5
0
4
0
4
0
5
0
5
0
4
0
6
0
5
0
4
0
2
0
5
0
4
0
2
0
2
0
5
0
5
0
5
0
8
0
5
0
4
0
4
0
4
0
4
0
8
0
4
0
4
0
4
0
8
0
5
0
4
0
4
0
6
0
4
0
8
0
5
0
5
0
5
0
4
0
5
0
5
0
4
0
8
0
5
0
4
0
6
0
6
0
6
0
8
0
6
0
8
0
2
0
4
0
8
0
