0.017268
0.029708
0.039997
0.041633
0.073262
0.078396
0.087989
0.090858
0.101769
0.106997
0.112365
0.113441
0.12065
0.129185
0.129577
0.129734
0.131792
0.132402
0.132904
0.134968
0.137732
0.143582
0.144609
0.144609
0.14634
0.148018
0.167136
0.174393
0.174826
0.17568
0.175915
0.176379
0.177669
0.181633
0.182878
0.185693
0.187694
0.187889
0.188002
0.188274
0.188344
0.188741
0.191472
0.191568
0.194546
0.196401
0.197006
0.197006
0.198453
0.198541
0.198709
0.198709
0.198968
0.201121
0.201261
0.201368
0.202116
0.203056
0.203604
0.203635
0.205
0.205
0.205
0.205
0.205
0.205111
0.205111
0.205154
0.205154
0.205154
0.206276
0.206648
0.215664
0.216404
0.216441
0.216441
0.216441
0.216441
0.21648
0.21648
0.216639
0.216761
0.216761
0.21677
0.216776
0.216776
0.216776
0.216921
0.216921
0.217573
0.220184
0.220184
0.220557
0.220557
0.221529
0.221529
0.221529
0.221701
0.223551
0.223552
0.223553
0.22395
0.22404
0.22459
0.22459
0.22471
0.224741
0.224832
0.224835
0.225885
0.225885
0.225885
0.225913
0.22697
0.229654
0.230263
0.230263
0.230263
0.230263
0.23067
0.233358
0.233358
0.233358
0.237691
0.237691
0.237756
0.237756
0.23779
0.237971
0.237971
0.239472
0.239619
0.239622
0.23963
0.240259
0.242964
0.245632
0.245701
0.245743
0.245743
0.245833
0.246081
0.246087
0.246098
0.24638
0.24638
0.246397
0.246397
0.246397
0.246397
0.246398
0.246404
0.246404
0.246872
0.246993
0.247005
0.247013
0.247074
0.248418
0.25112
0.251137
0.251163
0.251319
0.251324
0.251324
0.251431
0.25148
0.25148
0.25148
0.254378
0.254378
0.254378
0.254536
0.260737
0.260737
0.261263
0.261284
0.261284
0.261731
0.261731
0.261731
0.262405
0.262443
0.262448
0.262451
0.262884
0.262884
0.262884
0.262911
0.263073
0.263073
0.263073
0.263293
0.263514
0.265496
0.265532
0.265532
0.265532
0.26721
0.267238
0.267554
0.268169
0.268537
0.269183
0.269183
0.269185
0.269188
0.269188
0.269301
0.269799
0.269849
0.269888
0.270117
0.270117
0.270117
0.270342
0.270492
0.270492
0.270532
0.270532
0.270554
0.270554
0.271402
0.271402
0.27144
0.27144
0.27144
0.27144
0.27144
0.271524
0.271527
0.271528
0.272014
0.272014
0.27204
0.27209
0.27209
0.27209
0.27209
0.27209
0.272264
0.272396
0.272415
0.272629
0.272629
0.272629
0.272789
0.272789
0.272941
0.272941
0.272951
0.272951
0.27298
0.27298
0.274456
0.274524
0.274524
0.274546
0.274683
0.274683
0.27473
0.274829
0.274829
0.274829
0.274834
0.274834
0.274834
0.276175
0.276522
0.277338
0.277349
0.277485
0.277595
0.277595
0.277614
0.288401
0.288401
0.288413
0.288413
0.288417
0.28843
0.288478
0.288533
0.288533
0.288539
0.28854
0.288548
0.288554
0.289725
0.289727
0.289728
0.289728
0.289728
0.291337
0.29134
0.291639
0.293555
0.293555
0.293573
0.293575
0.293838
0.294296
0.294296
0.294296
0.295727
0.295727
0.295727
0.295754
0.295754
0.295786
0.295815
0.295815
0.295837
0.296922
0.29796
0.298008
0.298008
0.298008
0.298067
0.298145
0.298145
0.298145
0.298145
0.298145
0.298145
0.298145
0.298185
0.298191
0.298198
0.298198
0.298205
0.298328
0.298328
0.298329
0.298329
0.298329
0.298351
0.298352
0.298352
0.298352
0.298353
0.29842
0.300475
0.300587
0.300587
0.300601
0.300804
0.300956
0.300976
0.300976
0.300976
0.300976
0.301374
0.301427
0.301427
0.301447
0.301449
0.301449
0.301466
0.301815
0.301836
0.301836
0.302317
0.303016
0.303016
0.303016
0.303678
0.303689
0.303797
0.303797
0.304107
0.304242
0.304242
0.304242
0.304243
0.304243
0.304243
0.304243
0.305022
0.305089
0.305184
0.305184
0.305184
0.305223
0.305223
0.305223
0.305223
0.305272
0.305292
0.305292
0.305292
0.305293
0.305293
0.305429
0.305522
0.305723
0.305822
0.305871
0.305871
0.305871
0.305871
0.305878
0.305878
0.305907
0.305908
0.306906
0.306915
0.30706
0.307061
0.307061
0.307231
0.307231
0.307283
0.30781
0.307973
0.307973
0.307973
0.308163
0.308194
0.309183
0.309183
0.309624
0.309629
0.309629
0.309652
0.309869
0.310003
0.310003
0.310003
0.310078
0.310142
0.310142
0.310194
0.310194
0.310194
0.310194
0.310242
0.310531
0.310547
0.310932
0.310932
0.310961
0.310961
0.310962
0.310978
0.31103
0.31103
0.311032
0.311032
0.311036
0.311041
0.311041
0.311107
0.311107
0.311107
0.311264
0.311266
0.311266
0.311267
0.311625
0.311651
0.311672
0.311672
0.311677
0.311678
0.311678
0.311681
0.311681
0.311681
0.311681
0.311684
0.311838
0.311838
0.31203
0.312035
0.312035
0.312035
0.312035
0.312303
0.312414
0.31244
0.31244
0.31244
0.31244
0.31244
0.313704
0.313704
0.31372
0.313789
0.313789
0.313792
0.313922
0.313922
0.314124
0.314124
0.314124
0.314146
0.314154
0.314214
0.314215
0.314215
0.314216
0.314236
0.314236
0.314236
0.314236
0.314236
0.314236
0.315376
0.315376
0.315376
0.315376
0.315551
0.315552
0.315552
0.315558
0.315837
0.315837
0.317346
0.317346
0.317346
0.317348
0.31736
0.31817
0.318179
0.320315
0.320315
0.320315
0.321154
0.321198
0.321198
0.321205
0.321363
0.321363
0.321363
0.321363
0.321366
0.321366
0.321376
0.321433
0.322653
0.322665
0.322671
0.322671
0.322671
0.322671
0.322772
0.322807
0.322995
0.323203
0.323203
0.323272
0.323274
0.323342
0.323342
0.323342
0.323342
0.323425
0.323463
0.32351
0.32351
0.32366
0.323661
0.323966
0.323966
0.323966
0.323973
0.32398
0.324016
0.324016
0.324016
0.324017
0.324018
0.324102
0.324102
0.324102
0.324102
0.324149
0.324153
0.324153
0.324469
0.324507
0.324561
0.326579
0.326579
0.326579
0.326579
0.326581
0.326599
0.326599
0.327263
0.327263
0.327688
0.328189
0.328268
0.328277
0.328277
0.328277
0.328316
0.328316
0.328316
0.333105
0.333212
0.333212
0.333212
0.333212
0.333265
0.334358
0.334359
0.334359
0.334359
0.334359
0.334359
0.334474
0.334474
0.334476
0.334476
0.335017
0.335057
0.335155
0.335383
0.33539
0.33539
0.33539
0.33539
0.33539
0.33539
0.335488
0.335516
0.335669
0.335669
0.335669
0.335669
0.335669
0.33568
0.337087
0.337087
0.337087
0.337087
0.337361
0.337368
0.337368
0.3384
0.338402
0.338402
0.338492
0.338492
0.338492
0.338507
0.342652
0.342652
0.342769
0.34279
0.342792
0.342792
0.342792
0.342831
0.342831
0.342833
0.342838
0.342868
0.346598
0.347485
0.347485
0.347485
0.347485
0.347485
0.347486
0.347625
0.347625
0.347636
0.347645
0.347651
0.347668
0.347669
0.347669
0.347669
0.34767
0.34767
0.347928
0.347934
0.347951
0.348039
0.348137
0.348137
0.348157
0.348157
0.348157
0.348157
0.34816
0.348317
0.348336
0.348715
0.348715
0.348973
0.348973
0.348996
0.348996
0.349228
0.349228
0.349234
0.35048
0.350858
0.350858
0.350858
0.350858
0.350896
0.350989
0.351101
0.351101
0.351101
0.351101
0.351132
0.351136
0.351136
0.351136
0.351136
0.351136
0.351136
0.351136
0.351194
0.351197
0.351197
0.351197
0.351478
0.351478
0.351478
0.351478
0.351478
0.351478
0.351483
0.351483
0.351491
0.351573
0.351578
0.351578
0.351578
0.351665
0.351665
0.351666
0.351682
0.351682
0.351689
0.351692
0.351692
0.351693
0.351693
0.351693
0.351693
0.351904
0.351904
0.351904
0.351904
0.351907
0.351911
0.351916
0.351916
0.351916
0.351916
0.35203
0.352031
0.352032
0.353585
0.353585
0.353586
0.353637
0.353654
0.353663
0.353664
0.353664
0.353664
0.353664
0.353664
0.354646
0.354646
0.354646
0.354849
0.354852
0.354852
0.354854
0.354854
0.354861
0.354867
0.354873
0.354877
0.354881
0.3549
0.354903
0.355258
0.355258
0.355258
0.355258
0.355258
0.355258
0.355258
0.355258
0.355258
0.355258
0.355258
0.355258
0.355264
0.355264
0.355264
0.355264
0.355264
0.355264
0.355266
0.355266
0.355315
0.355315
0.355315
0.35532
0.35532
0.35532
0.35532
0.355361
0.355361
0.355367
0.355367
0.355369
0.355375
0.355421
0.355702
0.355702
0.355702
0.355702
0.355702
0.355702
0.355702
0.355702
0.355702
0.35573
0.355732
0.355732
0.355824
0.355824
0.355824
0.355825
0.355855
0.355855
0.355932
0.355932
0.356217
0.356292
0.356292
0.356292
0.356292
0.356292
0.356292
0.356292
0.356292
0.356292
0.356299
0.356299
0.356299
0.356299
0.356299
0.356331
0.356334
0.356334
0.356414
0.356415
0.356415
0.357816
0.357816
0.357818
0.357871
0.357876
0.357876
0.357876
0.357878
0.357898
0.357898
0.357898
0.357898
0.357901
0.358816
0.359212
0.359217
0.359247
0.359253
0.359253
0.359253
0.359253
0.359253
0.359278
0.359278
0.359279
0.359279
0.359555
0.359555
0.359555
0.359556
0.359556
0.35956
0.359731
0.359735
0.359735
0.359744
0.359744
0.359748
0.360304
0.360304
0.360305
0.360334
0.360334
0.360334
0.360359
0.360359
0.360359
0.360366
0.360387
0.360402
0.360407
0.360407
0.360407
0.360408
0.360408
0.360437
0.360867
0.361908
0.362384
0.362384
0.362384
0.362384
0.362385
0.362385
0.362385
0.362385
0.362392
0.362392
0.362453
0.363798
0.363798
0.363798
0.363798
0.363798
0.363798
0.363798
0.36418
0.36418
0.364181
0.364194
0.3642
0.3642
0.3642
0.3642
0.3642
0.3642
0.364441
0.364477
0.364643
0.364645
0.364647
0.364711
0.364741
0.364746
0.364746
0.364747
0.365019
0.365019
0.365035
0.365035
0.365035
0.365035
0.365041
0.365041
0.365042
0.365042
0.365046
0.365046
0.365064
0.365064
0.365064
0.365512
0.365752
0.365752
0.365851
0.365851
0.365851
0.365863
0.365863
0.365863
0.365863
0.365863
0.365863
0.365866
0.365878
0.36588
0.36588
0.36588
0.365902
0.365902
0.365902
0.365902
0.365902
0.365904
0.365904
0.365904
0.365904
0.365904
0.36592
0.36592
0.365936
0.365936
0.365936
0.365942
0.365949
0.365949
0.365976
0.365976
0.36598
0.366023
0.366023
0.366023
0.366028
0.366028
0.366028
0.366087
0.366087
0.366087
0.366092
0.366216
0.366216
0.366216
0.366216
0.366217
0.366217
0.366217
0.366219
0.36622
0.366226
0.366228
0.366232
0.366235
0.366704
0.366704
0.366708
0.366728
0.366728
0.366738
0.366738
0.366747
0.366841
0.366841
0.366841
0.366841
0.366906
0.366906
0.366906
0.366928
0.366939
0.366939
0.368377
0.368394
0.368396
0.368396
0.368546
0.368546
0.368546
0.368578
0.368578
0.36859
0.36859
0.36859
0.368642
0.368642
0.368642
0.368674
0.368674
0.368687
0.368687
0.368687
0.368687
0.368687
0.368687
0.368767
0.368834
0.368834
0.368834
0.368834
0.368834
0.368834
0.368834
0.368834
0.368834
0.368845
0.368845
0.368845
0.368868
0.36887
0.36887
0.36887
0.36887
0.368872
0.368872
0.368904
0.368904
0.369012
0.369342
0.369345
0.369345
0.369539
0.369783
0.369783
0.369783
0.370005
0.370005
0.370005
0.370005
0.370005
0.370005
0.370164
0.370268
0.370336
0.370348
0.370366
0.370366
0.370366
0.370406
0.370718
0.370719
0.370719
0.370719
0.370738
0.370833
0.370873
0.370873
0.370873
0.370873
0.370887
0.370887
0.370887
0.370887
0.370953
0.370956
0.370967
0.37099
0.37099
0.37099
0.37099
0.371074
0.371076
0.371076
0.371076
0.371076
0.371076
0.371076
0.371109
0.371109
0.371109
0.371109
0.371109
0.371113
0.371113
0.371113
0.371113
0.371113
0.371113
0.371123
0.371123
0.371123
0.371124
0.371124
0.371208
0.371208
0.371215
0.371215
0.371215
0.371215
0.371706
0.371706
0.371707
0.37251
0.37251
0.37251
0.372589
0.372592
0.372592
0.375241
0.375244
0.375244
0.375245
0.375358
0.375358
0.375358
0.375358
0.375358
0.375358
0.375358
0.375359
0.375359
0.375359
0.375393
0.375408
0.375408
0.375416
0.375416
0.375416
0.375416
0.375418
0.375418
0.37543
0.37543
0.37543
0.37543
0.375491
0.375656
0.375656
0.375747
0.375747
0.375747
0.376039
0.379263
0.379263
0.379263
0.379263
0.379263
0.379263
0.379263
0.379263
0.379263
0.379263
0.379263
0.379263
0.379269
0.379269
0.379269
0.379269
0.379271
0.379271
0.379271
0.379271
0.379272
0.379338
0.379338
0.379433
0.379465
0.379465
0.379465
0.379465
0.379465
0.379465
0.379469
0.379469
0.379474
0.379474
0.379474
0.379474
0.379474
0.379777
0.379777
0.379777
0.379777
0.379777
0.379778
0.379778
0.379778
0.379778
0.379778
0.379778
0.379778
0.379779
0.382684
0.382684
0.382684
0.382684
0.382723
0.382723
0.382725
0.382742
0.3832
0.3832
0.3832
0.3832
0.3832
0.3832
0.3832
0.3832
0.3832
0.383211
0.383211
0.383244
0.383244
0.383378
0.383378
0.383378
0.383394
0.385034
0.385034
0.385034
0.385035
0.385035
0.385035
0.385035
0.385322
0.385335
0.385335
0.385335
0.385335
0.385335
0.385339
0.385351
0.385351
0.385354
0.385354
0.385354
0.385388
0.385388
0.385388
0.385388
0.385388
0.385388
0.385388
0.385421
0.385421
0.385422
0.385423
0.385424
0.385424
0.385515
0.385515
0.38553
0.38553
0.38553
0.38553
0.385534
0.38571
0.38573
0.385738
0.385738
0.385738
0.385738
0.385738
0.385758
0.38576
0.38576
0.385807
0.385846
0.385846
0.385846
0.385976
0.385976
0.385976
0.385989
0.386236
0.386236
0.386237
0.38625
0.386281
0.386281
0.386281
0.386281
0.386281
0.3863
0.38633
0.386762
0.387249
0.387249
0.387253
0.387253
0.387253
0.387253
0.387253
0.387253
0.387655
0.387899
0.387899
0.387903
0.387903
0.387903
0.387997
0.388014
0.388015
0.388048
0.388048
0.388048
0.388242
0.391779
0.391788
0.391788
0.391794
0.391794
0.391794
0.391795
0.391795
0.394694
0.394705
0.39479
0.39479
0.39479
0.394818
0.394834
0.394835
0.394849
0.394849
0.394853
0.394854
0.394873
0.394873
0.394873
0.394873
0.394895
0.395204
0.395204
0.395204
0.39524
0.39524
0.395379
0.395379
0.395379
0.395379
0.395379
0.395379
0.39538
0.39538
0.39538
0.39538
0.39538
0.39538
0.39538
0.395402
0.395402
0.395402
0.395404
0.39541
0.395427
0.395427
0.395429
0.395429
0.395429
0.39543
0.39543
0.39543
0.39543
0.39543
0.395431
0.395431
0.396149
0.396149
0.396149
0.396149
0.39615
0.39615
0.39668
0.39668
0.39668
0.396692
0.396692
0.396788
0.396805
0.396807
0.396807
0.396807
0.398488
0.398488
0.398488
0.398504
0.398504
0.398504
0.398524
0.398524
0.398524
0.398525
0.398525
0.398525
0.398525
0.398525
0.398525
0.398525
0.398525
0.398529
0.398529
0.398532
0.398532
0.398532
0.398672
0.398675
0.398675
0.398675
0.398677
0.398679
0.398679
0.398917
0.399256
0.399256
0.399256
0.399258
0.399258
0.399258
0.399258
0.399258
0.399258
0.399261
0.399261
0.399346
0.399346
0.399346
0.399346
0.399346
0.399346
0.399346
0.399346
0.399346
0.399346
0.399346
0.399464
0.399464
0.399464
0.399464
0.399464
0.399465
0.399465
0.399465
0.400876
0.400876
0.400884
0.400884
0.400912
0.400912
0.400953
0.400953
0.400953
0.400953
0.400953
0.400953
0.400953
0.401066
0.401067
0.401067
0.401067
0.401067
0.401067
0.401068
0.401068
0.401097
0.401099
0.401099
0.401099
0.401099
0.401099
0.401099
0.401121
0.401121
0.401122
0.402649
0.402767
0.402767
0.402774
0.402774
0.402781
0.402781
0.402782
0.402782
0.402792
0.402799
0.402803
0.402803
0.402803
0.402803
0.402804
0.402804
0.402804
0.402813
0.402813
0.402813
0.402861
0.402861
0.402861
0.402861
0.402862
0.402866
0.402866
0.402866
0.402866
0.402866
0.402869
0.40288
0.40288
0.40288
0.40288
0.40288
0.402884
0.402884
0.402884
0.402903
0.402903
0.402903
0.402903
0.402903
0.402917
0.402917
0.402919
0.402923
0.402923
0.402923
0.402923
0.402923
0.402926
0.402926
0.402926
0.402926
0.402926
0.402926
0.402926
0.402926
0.402926
0.402926
0.402926
0.403028
0.403029
0.403033
0.403041
0.403041
0.403045
0.403045
0.403046
0.403047
0.403056
0.403056
0.40308
0.40308
0.403284
0.403284
0.403284
0.403288
0.403288
0.403288
0.403289
0.403289
0.403292
0.403864
0.403864
0.403864
0.403865
0.403909
0.403909
0.40391
0.403972
0.403972
0.403972
0.404001
0.404006
0.404006
0.404006
0.404006
0.404873
0.404873
0.404873
0.404873
0.404888
0.404888
0.404888
0.405169
0.405169
0.405169
0.405169
0.405169
0.405169
0.405169
0.405244
0.405244
0.405247
0.405247
0.405247
0.405247
0.405247
0.405255
0.405277
0.405279
0.405279
0.405279
0.405279
0.405279
0.405279
0.405292
0.405292
0.405295
0.405295
0.40531
0.40531
0.40531
0.40531
0.40531
0.40531
0.40531
0.405352
0.405352
0.405399
0.405399
0.405399
0.405409
0.405447
0.405447
0.405454
0.405454
0.405494
0.405494
0.405519
0.405519
0.405519
0.405522
0.405522
0.405522
0.405522
0.40553
0.40553
0.405531
0.405531
0.40559
0.405595
0.405666
0.405666
0.405745
0.405745
0.405988
0.405988
0.405988
0.405988
0.405993
0.406004
0.406012
0.40607
0.406072
0.406072
0.406072
0.406072
0.406072
0.406072
0.406074
0.406074
0.406074
0.406074
0.406074
0.406074
0.406078
0.406078
0.406082
0.406082
0.406082
0.406082
0.406082
0.406082
0.406082
0.406091
0.406092
0.406092
0.406095
0.406095
0.406095
0.406095
0.406095
0.406096
0.406096
0.406096
0.406096
0.406293
0.406331
0.406331
0.406337
0.406351
0.406351
0.406352
0.406352
0.406352
0.406352
0.406352
0.406352
0.406352
0.406353
0.406357
0.406357
0.406359
0.406359
0.406359
0.406359
0.406359
0.406359
0.406359
0.406359
0.406362
0.406362
0.406398
0.406398
0.406398
0.406399
0.406399
0.406401
0.406402
0.406431
0.406431
0.406431
0.406431
0.406431
0.406431
0.406431
0.406431
0.406431
0.406432
0.406432
0.406432
0.406432
0.406434
0.406434
0.406434
0.406434
0.406434
0.406434
0.406586
0.406586
0.406586
0.406586
0.406586
0.406586
0.406589
0.406589
0.406589
0.406589
0.40659
0.406714
0.406714
0.406714
0.406714
0.406714
0.40672
0.40672
0.406811
0.406811
0.406812
0.406814
0.406814
0.406817
0.406817
0.406817
0.407157
0.407157
0.40716
0.40716
0.407162
0.407162
0.407162
0.407162
0.407164
0.407164
0.407201
0.407287
0.407287
0.407288
0.407288
0.407288
0.407288
0.407288
0.407369
0.407369
0.40737
0.407373
0.410791
0.410795
0.410795
0.410798
0.410798
0.410798
0.411069
0.411069
0.411072
0.411076
0.411089
0.41109
0.41109
0.41109
0.411101
0.411101
0.411435
0.411435
0.411435
0.411437
0.411437
0.41144
0.411488
0.411488
0.411488
0.411609
0.411609
0.411609
0.411609
0.411609
0.411609
0.411609
0.411609
0.411609
0.411622
0.411634
0.411634
0.411634
0.411634
0.411634
0.411634
0.411634
0.411682
0.411682
0.411689
0.411689
0.411704
0.411706
0.411707
0.411708
0.411709
0.411711
0.41172
0.411722
0.411722
0.411726
0.411831
0.411831
0.411831
0.411831
0.411831
0.411831
0.411831
0.411831
0.411923
0.412042
0.412053
0.412053
0.412053
0.412053
0.412054
0.412054
0.412054
0.412054
0.412054
0.412054
0.412058
0.412058
0.412058
0.412058
0.412058
0.412063
0.41402
0.414021
0.414021
0.414021
0.414021
0.414021
0.414021
0.414021
0.414022
0.414022
0.414151
0.414153
0.414153
0.414386
0.414386
0.414386
0.414407
0.414505
0.414505
0.414505
0.414506
0.414506
0.414939
0.414939
0.414939
0.414939
0.414939
0.414944
0.414944
0.414944
0.414944
0.414944
0.415035
0.415035
0.415046
0.415046
0.415046
0.415051
0.415051
0.415051
0.41514
0.41514
0.415187
0.415187
0.415187
0.415187
0.415187
0.415188
0.415188
0.415188
0.415188
0.415321
0.415322
0.415324
0.418387
0.418387
0.418388
0.418639
0.418657
0.418657
0.41895
0.420855
0.420855
0.420855
0.421212
0.421212
0.421222
0.421223
0.421223
0.421335
0.421335
0.421355
0.421355
0.421355
0.421355
0.421355
0.421387
0.421387
0.421387
0.421387
0.421387
0.4214
0.4214
0.4214
0.4214
0.421401
0.421553
0.421553
0.421553
0.421553
0.421553
0.421553
0.421611
0.421611
0.421611
0.421613
0.421615
0.421615
0.421615
0.421727
0.421727
0.421747
0.421747
0.421747
0.421748
0.421748
0.421785
0.421785
0.421786
0.421786
0.42184
0.42184
0.42184
0.421859
0.42186
0.42186
0.422606
0.422606
0.422606
0.422606
0.422606
0.42368
0.42368
0.42368
0.42368
0.42368
0.42368
0.423688
0.423698
0.423698
0.423698
0.423698
0.423699
0.423704
0.423704
0.423737
0.423744
0.423744
0.423744
0.423744
0.423744
0.423744
0.423744
0.429337
0.429337
0.429337
0.429337
0.429337
0.429339
0.429339
0.429343
0.429357
0.429357
0.429371
0.429371
0.429371
0.429371
0.429371
0.429405
0.429436
0.429437
0.429445
0.429535
0.429535
0.429535
0.429535
0.429656
0.429656
0.429656
0.429656
0.429684
0.429684
0.429684
0.429803
0.429803
0.429812
0.429812
0.429812
0.429848
0.429848
0.429849
0.429849
0.429873
0.429873
0.429874
0.429917
0.429917
0.429917
0.429934
0.429934
0.429934
0.429938
0.429938
0.430033
0.430033
0.430033
0.430033
0.430034
0.430048
0.430052
0.430052
0.430052
0.430052
0.430052
0.430052
0.430052
0.430052
0.430054
0.430054
0.430054
0.430054
0.430054
0.430054
0.430415
0.430415
0.430415
0.430415
0.430415
0.430428
0.430428
0.430428
0.430597
0.430597
0.430597
0.430597
0.430605
0.430605
0.430607
0.430607
0.430607
0.430607
0.430607
0.430607
0.430607
0.430607
0.430655
0.430655
0.430655
0.430785
0.430785
0.430785
0.430785
0.430785
0.430787
0.430787
0.430787
0.430787
0.430787
0.430824
0.430824
0.430824
0.430825
0.430827
0.430827
0.430827
0.430827
0.430828
0.430828
0.430828
0.430833
0.430833
0.430844
0.430845
0.430845
0.430845
0.430852
0.430912
0.430912
0.430912
0.430912
0.430914
0.430918
0.430918
0.430918
0.430918
0.430918
0.430918
0.430918
0.430918
0.430918
0.430918
0.430918
0.430918
0.431634
0.431639
0.431643
0.431644
0.431644
0.431645
0.431645
0.431645
0.431645
0.431646
0.431646
0.431646
0.431646
0.431646
0.431646
0.431646
0.431646
0.431646
0.431646
0.431646
0.431646
0.431646
0.431646
0.431655
0.431656
0.431664
0.431664
0.431665
0.431667
0.431668
0.431668
0.431668
0.431668
0.431668
0.431668
0.431668
0.431668
0.431679
0.431679
0.431679
0.431681
0.431681
0.431681
0.431681
0.431681
0.431694
0.431694
0.431706
0.431706
0.431706
0.431706
0.432328
0.432328
0.432328
0.432328
0.432328
0.432328
0.432328
0.432328
0.432328
0.432328
0.432328
0.432328
0.432328
0.432328
0.432328
0.432346
0.432346
0.432346
0.432346
0.432346
0.432346
0.432346
0.432348
0.432364
0.432364
0.432697
0.432697
0.432697
0.432697
0.432698
0.432698
0.432698
0.432708
0.432708
0.432708
0.432709
0.432709
0.432709
0.432712
0.432712
0.43282
0.43282
0.432827
0.432827
0.432827
0.432827
0.432827
0.432827
0.432827
0.432827
0.432877
0.432877
0.432877
0.432877
0.432879
0.432879
0.433194
0.433277
0.433277
0.433277
0.433279
0.433279
0.433279
0.433279
0.433279
0.433279
0.433279
0.433279
0.4333
0.4333
0.4333
0.4333
0.4333
0.433304
0.433304
0.433498
0.433498
0.433498
0.433498
0.433502
0.433502
0.433502
0.433502
0.433502
0.433506
0.433525
0.43353
0.43353
0.43353
0.43353
0.43414
0.434141
0.434141
0.434141
0.434152
0.434152
0.434239
0.434239
0.434239
0.434243
0.434243
0.434243
0.434243
0.434243
0.434243
0.434243
0.434243
0.434243
0.434243
0.434264
0.434264
0.434264
0.434267
0.434267
0.434267
0.434267
0.434268
0.434268
0.434268
0.43427
0.43427
0.43427
0.434396
0.43473
0.43473
0.434776
0.434776
0.434776
0.434776
0.434776
0.434776
0.434776
0.434776
0.434776
0.434776
0.434776
0.434776
0.434776
0.435139
0.43514
0.43514
0.435158
0.435401
0.435402
0.435402
0.435402
0.435402
0.435402
0.435403
0.435403
0.435416
0.435416
0.435416
0.435416
0.435444
0.435447
0.435447
0.435447
0.435447
0.435447
0.435447
0.435448
0.435448
0.435448
0.435449
0.435449
0.435449
0.435449
0.435449
0.435449
0.435449
0.43545
0.43545
0.43545
0.43545
0.43545
0.43545
0.436205
0.436211
0.436211
0.436212
0.436333
0.436333
0.436333
0.436338
0.436338
0.436339
0.436339
0.436339
0.436339
0.436339
0.436339
0.436496
0.436496
0.436509
0.436509
0.436514
0.436518
0.436519
0.436519
0.43652
0.43652
0.43652
0.43652
0.43652
0.43652
0.43652
0.43652
0.43652
0.43652
0.43652
0.43652
0.43652
0.436522
0.436522
0.436522
0.436522
0.436536
0.436536
0.436536
0.436545
0.436545
0.436548
0.436549
0.436549
0.436551
0.436551
0.436551
0.436551
0.436551
0.436556
0.43656
0.436576
0.436576
0.436576
0.436576
0.436576
0.436576
0.436576
0.436576
0.436576
0.436576
0.436576
0.436576
0.436576
0.436576
0.436601
0.436604
0.436604
0.436604
0.436612
0.436612
0.436665
0.436666
0.436671
0.436671
0.436671
0.436672
0.436672
0.436672
0.436672
0.436672
0.436676
0.436676
0.436676
0.436676
0.436676
0.436678
0.436678
0.436678
0.436682
0.436682
0.436682
0.436685
0.436685
0.436864
0.436864
0.436864
0.436864
0.436864
0.436864
0.436864
0.436909
0.436909
0.436909
0.436918
0.436918
0.436918
0.436918
0.436918
0.436919
0.436919
0.436919
0.436919
0.436919
0.436919
0.43692
0.43692
0.43692
0.437237
0.437237
0.437238
0.437238
0.437238
0.437238
0.437258
0.437258
0.437258
0.437258
0.43726
0.43726
0.43726
0.437265
0.437265
0.437265
0.437265
0.437282
0.437282
0.437282
0.437282
0.437283
0.437283
0.437283
0.437283
0.437283
0.437283
0.437283
0.437283
0.437283
0.437283
0.437283
0.437285
0.437307
0.437307
0.437307
0.437307
0.437326
0.437326
0.437326
0.437326
0.437326
0.437326
0.437326
0.437326
0.437326
0.437326
0.437326
0.437521
0.437521
0.437521
0.437521
0.437521
0.437521
0.43753
0.43753
0.437531
0.437531
0.437548
0.437558
0.437561
0.437561
0.437564
0.437564
0.437564
0.437564
0.437564
0.437564
0.437566
0.437566
0.437566
0.437566
0.437566
0.437566
0.437566
0.437598
0.437598
0.437598
0.437598
0.437614
0.437614
0.437614
0.437614
0.437614
0.437617
0.437618
0.437618
0.437618
0.437618
0.437618
0.437618
0.437618
0.437623
0.437623
0.437624
0.437624
0.437626
0.43763
0.43763
0.43763
0.43763
0.43763
0.437635
0.437637
0.437637
0.437675
0.437675
0.437675
0.437675
0.437675
0.437675
0.437675
0.437675
0.437776
0.437776
0.437776
0.437776
0.437819
0.437819
0.437819
0.437819
0.437819
0.437819
0.437819
0.437985
0.437985
0.437985
0.437985
0.437987
0.437987
0.437987
0.437988
0.437988
0.437988
0.437988
0.437988
0.437988
0.437989
0.437989
0.437989
0.437992
0.437992
0.437992
0.437992
0.437997
0.437997
0.437997
0.437997
0.437997
0.437997
0.438002
0.438002
0.438002
0.438002
0.438002
0.438002
0.438002
0.438007
0.438007
0.438021
0.438021
0.438114
0.438114
0.43812
0.43812
0.43812
0.43812
0.438737
0.438746
0.438746
0.438886
0.438886
0.438887
0.438887
0.438887
0.438887
0.438887
0.438887
0.438887
0.438887
0.439168
0.439168
0.439168
0.439168
0.439181
0.439181
0.439181
0.439181
0.439181
0.439183
0.439183
0.439185
0.439185
0.439185
0.439185
0.439187
0.439187
0.439187
0.439187
0.439191
0.439574
0.439579
0.439594
0.439663
0.439722
0.439724
0.439724
0.439724
0.439726
0.439731
0.439731
0.439731
0.439731
0.439736
0.439737
0.439737
0.439774
0.439806
0.439813
0.439815
0.44005
0.44005
0.440053
0.440053
0.440053
0.440247
0.440251
0.44026
0.44026
0.44026
0.44026
0.440265
0.440278
0.440303
0.440303
0.440596
0.440596
0.440596
0.440596
0.440596
0.440596
0.440596
0.440765
0.440765
0.440768
0.440768
0.440768
0.440769
0.440779
0.440847
0.440857
0.440895
0.440896
0.440899
0.440903
0.440903
0.440903
0.440914
0.440914
0.440914
0.440929
0.440929
0.440929
0.440929
0.441521
0.441537
0.441549
0.441549
0.441552
0.44159
0.441591
0.441591
0.441596
0.441596
0.441603
0.441615
0.441618
0.441652
0.441652
0.44226
0.44226
0.442269
0.442275
0.442275
0.442285
0.442285
0.442294
0.442294
0.442379
0.44238
0.442383
0.442383
0.442391
0.442396
0.442397
0.442397
0.442399
0.442399
0.442401
0.442401
0.442401
0.442401
0.442401
0.442403
0.442403
0.442403
0.442403
0.442403
0.442407
0.442407
0.442407
0.442411
0.442412
0.442418
0.442451
0.442451
0.442456
0.442461
0.442461
0.442461
0.442461
0.442564
0.442564
0.442576
0.442585
0.442585
0.442585
0.44274
0.44274
0.44274
0.44274
0.44274
0.44274
0.44274
0.44274
0.44274
0.44274
0.442781
0.442781
0.442781
0.442876
0.442917
0.442925
0.444111
0.444111
0.444111
0.444111
0.444117
0.444117
0.444117
0.444117
0.444117
0.444117
0.444117
0.444117
0.44412
0.44412
0.44412
0.44412
0.44412
0.44412
0.44412
0.44412
0.444128
0.444128
0.444219
0.444219
0.444219
0.444219
0.44422
0.44422
0.44422
0.444223
0.444223
0.444223
0.444438
0.444438
0.444438
0.444438
0.444438
0.444439
0.444439
0.444439
0.444439
0.444439
0.444439
0.444608
0.444608
0.444608
0.444664
0.444664
0.444665
0.444692
0.444692
0.444692
0.444692
0.444692
0.444695
0.444695
0.444776
0.444776
0.444776
0.444776
0.444776
0.444779
0.444779
0.444779
0.444779
0.444779
0.444779
0.444779
0.444779
0.444779
0.444779
0.444779
0.444779
0.444779
0.445232
0.445232
0.445232
0.445331
0.445331
0.445332
0.445332
0.445332
0.445332
0.445406
0.445406
0.445406
0.445406
0.445406
0.445406
0.445406
0.445722
0.445732
0.445732
0.445736
0.445736
0.445743
0.445743
0.445743
0.445743
0.445743
0.445744
0.445744
0.445752
0.445753
0.445753
0.445753
0.445753
0.445753
0.445813
0.445813
0.445814
0.445819
0.445819
0.445821
0.445827
0.445829
0.445829
0.445839
0.445839
0.445839
0.445839
0.445839
0.445839
0.445839
0.445839
0.44585
0.44588
0.44588
0.44691
0.447088
0.447088
0.447103
0.447351
0.447351
0.447417
0.44743
0.447433
0.447435
0.447439
0.447443
0.447531
0.447531
0.447664
0.447779
0.447779
0.447782
0.447942
0.448122
0.448143
0.448143
0.448144
0.448352
0.448361
0.448374
0.448374
0.448374
0.448374
0.448374
0.448538
0.448538
0.448544
0.448544
0.448544
0.448544
0.448544
0.448544
0.448597
0.448597
0.448597
0.448969
0.448972
0.448979
0.448979
0.448979
0.448979
0.449006
0.449531
0.449533
0.449533
0.449533
0.449533
0.449545
0.449545
0.449661
0.449679
0.449682
0.449689
0.449792
0.449792
0.450234
0.450249
0.450249
0.450249
0.45025
0.45025
0.450426
0.45094
0.45094
0.450945
0.450945
0.450951
0.451111
0.451139
0.451139
0.451549
0.451553
0.451557
0.451597
0.451646
0.451689
0.451717
0.451718
0.451739
0.45174
0.45174
0.451805
0.451808
0.45181
0.45203
0.452611
0.453093
0.453111
0.453201
0.453346
0.453635
0.453635
0.453646
0.454184
0.454273
0.454274
0.454829
0.454833
0.454949
0.454982
0.454982
0.454982
0.454982
0.454984
0.455706
0.455709
0.455709
0.455709
0.455709
0.455709
0.455709
0.455731
0.455735
0.455916
0.455952
0.456081
0.456086
0.456086
0.456086
0.456087
0.456087
0.456091
0.45632
0.45632
0.45634
0.456341
0.456711
0.456714
0.456714
0.456792
0.457072
0.457072
0.457117
0.457666
0.457671
0.457699
0.457755
0.457756
0.457756
0.457756
0.457846
0.457846
0.457846
0.457846
0.457846
0.457848
0.457922
0.457922
0.457922
0.457949
0.457964
0.457964
0.457967
0.457967
0.457971
0.457972
0.457972
0.457972
0.457992
0.4583
0.4583
0.4583
0.458642
0.458646
0.45865
0.458656
0.458656
0.458657
0.458819
0.458819
0.458827
0.458868
0.458868
0.458996
0.458996
0.458997
0.459438
0.459443
0.459458
0.459458
0.459461
0.459461
0.459505
0.459679
0.459687
0.45969
0.459692
0.459947
0.459947
0.459947
0.459947
0.46001
0.460018
0.460292
0.460292
0.460292
0.460292
0.460335
0.460341
0.460377
0.460462
0.460633
0.460677
0.460677
0.460916
0.460959
0.460974
0.460974
0.460974
0.460974
0.460975
0.460976
0.46098
0.46098
0.461114
0.461284
0.461284
0.461286
0.461287
0.461353
0.461353
0.461353
0.461393
0.461393
0.461393
0.461402
0.461404
0.461404
0.461422
0.461446
0.461449
0.46146
0.461465
0.461465
0.461465
0.461466
0.461475
0.461688
0.461688
0.4617
0.461715
0.461715
0.461753
0.461753
0.461758
0.462171
0.462189
0.46219
0.46219
0.462192
0.462204
0.462204
0.462213
0.462383
0.462392
0.462425
0.462438
0.462438
0.462443
0.462443
0.462448
0.462448
0.462448
0.462448
0.462448
0.462448
0.462458
0.46246
0.46246
0.46246
0.46246
0.462491
0.462497
0.462497
0.462497
0.462497
0.462497
0.462502
0.462502
0.462502
0.462502
0.462502
0.462502
0.462502
0.46265
0.46265
0.46265
0.46265
0.46265
0.46265
0.462677
0.462697
0.462697
0.462759
0.462759
0.462759
0.462759
0.462759
0.462759
0.462759
0.462759
0.462872
0.462872
0.462872
0.462872
0.462872
0.462872
0.462951
0.462964
0.462965
0.462965
0.462965
0.463327
0.463327
0.463327
0.463327
0.463327
0.463327
0.463329
0.463329
0.463329
0.463329
0.463329
0.463339
0.463339
0.463339
0.463339
0.463348
0.463348
0.463348
0.463367
0.463462
0.463462
0.463463
0.463463
0.463463
0.463468
0.463855
0.463865
0.463865
0.463865
0.463865
0.463866
0.463866
0.463907
0.463907
0.463912
0.463912
0.463913
0.463922
0.463922
0.463922
0.46456
0.46456
0.46456
0.46456
0.46456
0.46456
0.464564
0.464567
0.464567
0.464571
0.464583
0.464583
0.464584
0.464607
0.464607
0.464607
0.464713
0.464772
0.464813
0.46496
0.46496
0.46496
0.465631
0.465631
0.465631
0.465631
0.465631
0.465631
0.465631
0.465636
0.465636
0.465636
0.465636
0.465636
0.465636
0.465637
0.465714
0.465714
0.465714
0.465714
0.465714
0.465714
0.465714
0.465714
0.465714
0.465714
0.465714
0.465734
0.465735
0.465932
0.466085
0.466085
0.466085
0.466085
0.466085
0.466085
0.466117
0.466117
0.466117
0.466117
0.466117
0.46612
0.46612
0.46612
0.466121
0.466121
0.466121
0.466126
0.466126
0.466126
0.466126
0.466126
0.466126
0.466126
0.466126
0.466126
0.466126
0.466549
0.466611
0.466611
0.466611
0.466611
0.466611
0.466618
0.466619
0.466619
0.466619
0.466684
0.466684
0.466684
0.466702
0.466702
0.466702
0.466702
0.466714
0.466714
0.466714
0.466714
0.466717
0.466722
0.466722
0.466722
0.466722
0.466722
0.466722
0.466722
0.466722
0.466738
0.466738
0.466739
0.466739
0.466739
0.466802
0.466802
0.466803
0.466808
0.466808
0.466936
0.466936
0.466936
0.466936
0.466941
0.466941
0.466941
0.466941
0.466944
0.466944
0.466944
0.46695
0.466954
0.466954
0.466954
0.466954
0.466954
0.466954
0.466956
0.46701
0.46701
0.467016
0.467016
0.467016
0.467028
0.467028
0.467028
0.467031
0.467031
0.467031
0.467031
0.467031
0.467033
0.467042
0.467042
0.467042
0.467042
0.467042
0.467042
0.467042
0.467042
0.467042
0.467055
0.467055
0.467055
0.467055
0.467056
0.467056
0.467059
0.467059
0.467062
0.467063
0.467063
0.467073
0.467073
0.467076
0.467076
0.467076
0.467076
0.467076
0.467076
0.467076
0.467086
0.467086
0.467086
0.467086
0.467086
0.467088
0.467147
0.467151
0.468226
0.468226
0.468226
0.468226
0.468243
0.468243
0.468243
0.46832
0.468339
0.468339
0.468339
0.468339
0.468339
0.468339
0.46834
0.468341
0.468458
0.468617
0.46862
0.46862
0.46862
0.46862
0.46862
0.468621
0.468621
0.468621
0.468621
0.468622
0.468622
0.468622
0.468627
0.468627
0.468627
0.468627
0.468627
0.468627
0.468627
0.46871
0.46871
0.46871
0.46871
0.468718
0.468719
0.468719
0.468719
0.468719
0.468733
0.468733
0.468735
0.468736
0.468736
0.468736
0.468736
0.468736
0.468736
0.468736
0.468736
0.469957
0.469957
0.469968
0.469968
0.469968
0.469969
0.469973
0.469973
0.469973
0.469973
0.46998
0.46998
0.46998
0.46998
0.46998
0.470054
0.470054
0.470054
0.470057
0.470057
0.470186
0.470186
0.470186
0.470249
0.470249
0.470249
0.470249
0.470309
0.470791
0.470791
0.470791
0.470793
0.470793
0.471622
0.471622
0.471622
0.471622
0.471622
0.471622
0.471964
0.471964
0.471964
0.471964
0.471964
0.471964
0.471964
0.471964
0.471964
0.471964
0.471964
0.471964
0.471964
0.471964
0.471972
0.471973
0.471973
0.471973
0.471974
0.471974
0.471985
0.47199
0.471991
0.472018
0.472018
0.472018
0.472018
0.472018
0.472018
0.472018
0.473769
0.473786
0.473786
0.473786
0.473786
0.473786
0.473786
0.473786
0.473786
0.473786
0.473871
0.473871
0.473872
0.473872
0.473872
0.473872
0.473872
0.473872
0.473872
0.474389
0.474393
0.474393
0.47442
0.474819
0.474819
0.475876
0.475876
0.475876
0.475876
0.475876
0.475876
0.475882
0.475882
0.475882
0.475885
0.475886
0.475886
0.475886
0.475898
0.475898
0.475899
0.475899
0.475899
0.475899
0.475899
0.475899
0.475899
0.475899
0.476044
0.476051
0.476184
0.476184
0.476184
0.47619
0.47619
0.477524
0.477557
0.477557
0.477557
0.477557
0.477558
0.479564
0.479564
0.479564
0.479564
0.479564
0.479564
0.479564
0.479564
0.479825
0.479832
0.479832
0.479832
0.479832
0.479832
0.480408
0.480409
0.480411
0.480411
0.480411
0.480412
0.480417
0.480417
0.480417
0.480418
0.480436
0.480679
0.480679
0.480679
0.480698
0.480698
0.480698
0.480699
0.480699
0.480699
0.480701
0.480701
0.480701
0.480701
0.480701
0.480702
0.480705
0.480721
0.480721
0.480721
0.480721
0.480721
0.480721
0.480721
0.480721
0.480721
0.480721
0.480721
0.480721
0.480721
0.480721
0.480721
0.480721
0.480721
0.480721
0.480722
0.480722
0.480722
0.480725
0.480736
0.48139
0.48139
0.48139
0.48139
0.48139
0.48139
0.48139
0.48139
0.48139
0.482689
0.482703
0.482706
0.482736
0.482744
0.482751
0.482751
0.482752
0.482777
0.482777
0.482827
0.482827
0.482827
0.482827
0.482827
0.482827
0.482827
0.482827
0.482827
0.482827
0.482847
0.482847
0.482847
0.482849
0.482849
0.482931
0.482931
0.482932
0.482932
0.482932
0.483
0.483013
0.483029
0.483029
0.483029
0.483029
0.483031
0.483031
0.483033
0.483033
0.483033
0.483033
0.483046
0.483046
0.48315
0.48315
0.483156
0.483158
0.483158
0.483158
0.483158
0.483172
0.483174
0.483175
0.483175
0.483175
0.483182
0.483182
0.483186
0.483186
0.483186
0.483186
0.483186
0.483226
0.483226
0.483227
0.483238
0.483238
0.483242
0.483242
0.483242
0.483293
0.483293
0.483293
0.483298
0.483443
0.483443
0.483466
0.48348
0.48348
0.483481
0.483481
0.483481
0.483549
0.483555
0.483555
0.483555
0.483558
0.483559
0.483567
0.483601
0.483601
0.483601
0.483601
0.483601
0.483607
0.483632
0.483632
0.483677
0.483677
0.483681
0.483683
0.483683
0.483699
0.483703
0.483703
0.483707
0.483709
0.483726
0.483726
0.483726
0.483729
0.483731
0.483817
0.483817
0.483819
0.483819
0.483844
0.483844
0.483852
0.483852
0.483854
0.483854
0.483855
0.483918
0.48392
0.484281
0.484301
0.484301
0.484344
0.484344
0.484344
0.484348
0.484493
0.484493
0.484494
0.484508
0.484511
0.484511
0.484512
0.484512
0.484512
0.484512
0.484512
0.484512
0.484512
0.484514
0.484525
0.484526
0.484534
0.484544
0.484544
0.484544
0.48455
0.484551
0.484553
0.484553
0.484627
0.484627
0.484632
0.484632
0.484638
0.484716
0.484724
0.484726
0.484726
0.484727
0.484727
0.484727
0.484791
0.484791
0.484791
0.484792
0.484792
0.484792
0.484825
0.48484
0.484843
0.484843
0.484843
0.484843
0.484843
0.484844
0.484844
0.484851
0.484851
0.484851
0.484851
0.48487
0.48487
0.48487
0.48487
0.48487
0.48487
0.484871
0.484899
0.486707
0.486791
0.486791
0.486792
0.486792
0.486795
0.486822
0.486822
0.486822
0.48683
0.48683
0.48683
0.48683
0.486841
0.486843
0.486852
0.487792
0.487792
0.487902
0.487902
0.487902
0.487902
0.487902
0.487902
0.487902
0.487902
0.487902
0.487902
0.487902
0.487904
0.487943
0.487943
0.487943
0.487943
0.487943
0.487943
0.487943
0.487943
0.487956
0.487956
0.487958
0.487958
0.487965
0.487981
0.487981
0.487981
0.487981
0.487981
0.487981
0.48802
0.488038
0.488038
0.488038
0.488054
0.488054
0.488054
0.488054
0.488054
0.488054
0.488054
0.48806
0.48806
0.48808
0.488086
0.488086
0.488086
0.488086
0.488089
0.488089
0.488188
0.488199
0.488232
0.488232
0.488232
0.488236
0.488236
0.488236
0.488236
0.488239
0.48824
0.488241
0.488256
0.488257
0.488258
0.488258
0.488258
0.488267
0.488283
0.488283
0.488357
0.48836
0.488361
0.488461
0.488469
0.488485
0.488625
0.488627
0.488627
0.488627
0.488758
0.48877
0.48877
0.48882
0.48882
0.488836
0.488836
0.488836
0.488845
0.488848
0.488848
0.488886
0.488886
0.488886
0.488886
0.488905
0.488913
0.488913
0.488919
0.488965
0.488965
0.488984
0.489003
0.489003
0.489011
0.489026
0.489026
0.489026
0.489027
0.489027
0.489027
0.489027
0.489034
0.489311
0.489332
0.489337
0.489341
0.489341
0.489341
0.489421
0.489421
0.489421
0.489422
0.489422
0.489424
0.489424
0.489454
0.489454
0.489472
0.489473
0.489642
0.489691
0.489703
0.489703
0.489704
0.489704
0.489704
0.4906
0.490636
0.490636
0.490638
0.491077
0.491085
0.491086
0.491086
0.491086
0.4911
0.491102
0.491152
0.491198
0.491243
0.491253
0.491253
0.491269
0.491314
0.491314
0.49132
0.49187
0.49187
0.491874
0.49202
0.49202
0.492021
0.492021
0.492022
0.492022
0.492038
0.492038
0.492038
0.492038
0.492038
0.492039
0.492042
0.492051
0.492051
0.492051
0.492051
0.492055
0.492056
0.492056
0.492057
0.492059
0.492059
0.492104
0.492105
0.492105
0.492105
0.492124
0.492125
0.492126
0.492401
0.492401
0.492402
0.49243
0.492498
0.4925
0.4925
0.4926
0.492607
0.492608
0.492745
0.492759
0.492759
0.492799
0.493069
0.493165
0.493167
0.493172
0.493175
0.493207
0.493207
0.493207
0.493241
0.493241
0.493241
0.493241
0.493241
0.493241
0.493242
0.493246
0.493299
0.493608
0.493629
0.493842
0.493952
0.493953
0.493953
0.49396
0.493968
0.49397
0.493988
0.493991
0.494012
0.494015
0.494015
0.494015
0.494022
0.494022
0.494022
0.494065
0.494065
0.4941
0.4941
0.4941
0.4941
0.494735
0.494736
0.494785
0.494785
0.494785
0.494785
0.494785
0.494787
0.494787
0.494794
0.494927
0.494927
0.49493
0.494935
0.494982
0.494982
0.495196
0.495569
0.49557
0.495615
0.495639
0.495641
0.495641
0.4957
0.495702
0.495708
0.495715
0.495808
0.495812
0.495814
0.496065
0.496065
0.496065
0.496078
0.49608
0.49608
0.496277
0.496289
0.496289
0.496304
0.496304
0.496305
0.496311
0.497225
0.497225
0.497225
0.497236
0.497236
0.498344
0.498567
0.498567
0.498568
0.498568
0.498583
0.498612
0.498612
0.498627
0.498635
0.498643
0.49865
0.49865
0.49865
0.498944
0.499096
0.499167
0.499167
0.499201
0.499331
0.499331
0.499387
0.499405
0.499408
0.499408
0.499408
0.499408
0.499411
0.499422
0.499422
0.499426
0.499453
0.499572
0.499573
0.499612
0.499613
0.499772
0.499997
0.499997
0.5
0.5
0.500001
0.500001
0.500007
0.500048
0.500054
0.500054
0.500054
0.500059
0.500059
0.500059
0.50006
0.500061
0.500066
0.500177
0.500178
0.500185
0.500187
0.500187
0.500187
0.500217
0.500217
0.500217
0.500217
0.500217
0.500262
0.500262
0.500262
0.500367
0.500367
0.500367
0.500367
0.500464
0.500464
0.500514
0.500514
0.50062
0.501365
0.501365
0.501431
0.501471
0.501511
0.501511
0.501511
0.501534
0.501536
0.501536
0.501561
0.501568
0.501568
0.501571
0.501584
0.501598
0.501598
0.501602
0.501602
0.501604
0.501604
0.501608
0.501611
0.501618
0.501618
0.501619
0.50162
0.50162
0.501636
0.502051
0.502051
0.502051
0.502059
0.502778
0.502778
0.502858
0.502858
0.502858
0.502859
0.502859
0.502859
0.502871
0.502895
0.502915
0.502915
0.502915
0.502915
0.502916
0.502916
0.502916
0.502916
0.502916
0.503595
0.503599
0.503708
0.503738
0.50374
0.50399
0.50399
0.50399
0.503995
0.504
0.504116
0.504248
0.504248
0.504248
0.504248
0.504257
0.504318
0.504318
0.504494
0.50476
0.50476
0.50476
0.504762
0.504796
0.504796
0.504796
0.504798
0.504798
0.5048
0.504801
0.504801
0.504811
0.504922
0.504942
0.504942
0.504942
0.504942
0.505075
0.505075
0.505075
0.505075
0.505127
0.505127
0.505136
0.505155
0.505205
0.505223
0.505259
0.505266
0.505283
0.505283
0.505294
0.505295
0.505295
0.505295
0.505295
0.505295
0.505295
0.505295
0.505347
0.505353
0.505353
0.505353
0.505357
0.505357
0.505357
0.505357
0.505357
0.505359
0.505359
0.505359
0.505361
0.505361
0.505362
0.505362
0.505362
0.505367
0.505379
0.505388
0.505388
0.505388
0.505456
0.50561
0.50561
0.505619
0.505619
0.505626
0.505626
0.505626
0.505626
0.505626
0.5062
0.5062
0.5062
0.5062
0.5062
0.506207
0.506207
0.506207
0.506212
0.506279
0.506279
0.506296
0.506299
0.506316
0.506543
0.506659
0.506659
0.506666
0.506666
0.506666
0.506673
0.506673
0.506673
0.506673
0.506674
0.506676
0.506676
0.506676
0.506676
0.506676
0.506772
0.506772
0.506782
0.506782
0.506782
0.506815
0.506816
0.506816
0.506817
0.506861
0.506861
0.506866
0.50694
0.50694
0.50694
0.506946
0.506987
0.506987
0.507011
0.507451
0.50753
0.507538
0.507552
0.507597
0.507597
0.507684
0.507686
0.507723
0.507723
0.507724
0.507724
0.507724
0.507724
0.507725
0.507725
0.507742
0.507742
0.507742
0.507742
0.507742
0.50775
0.50776
0.507877
0.507904
0.507934
0.507934
0.507934
0.507934
0.507934
0.508
0.508
0.508042
0.508044
0.508044
0.508049
0.508049
0.508093
0.508093
0.50811
0.508143
0.508149
0.50815
0.50815
0.50815
0.50815
0.508151
0.508276
0.508315
0.508315
0.508315
0.508315
0.508315
0.508315
0.508315
0.508755
0.508784
0.508812
0.508812
0.508812
0.508813
0.508813
0.508822
0.508822
0.508822
0.508822
0.508822
0.508822
0.508822
0.508822
0.508822
0.508823
0.50886
0.50886
0.509004
0.509004
0.509005
0.509005
0.509005
0.509005
0.509008
0.509052
0.50906
0.509061
0.509061
0.509062
0.509062
0.509067
0.509117
0.509161
0.509161
0.509164
0.509622
0.509643
0.509643
0.509643
0.509643
0.509741
0.509743
0.509747
0.509747
0.509761
0.509858
0.509863
0.509863
0.510574
0.510574
0.510574
0.510628
0.510628
0.51063
0.51075
0.510869
0.510877
0.510879
0.510879
0.510899
0.5109
0.510937
0.510945
0.510945
0.510949
0.510953
0.511046
0.511093
0.511386
0.511386
0.511386
0.511386
0.511386
0.511386
0.511415
0.511432
0.511468
0.511493
0.511493
0.511493
0.511494
0.511494
0.511495
0.511495
0.511495
0.511495
0.511495
0.511495
0.511499
0.511612
0.511644
0.511652
0.511652
0.511652
0.511694
0.511694
0.511694
0.511695
0.511695
0.511697
0.511697
0.511698
0.511698
0.5117
0.5117
0.512055
0.512055
0.512055
0.512056
0.512056
0.512056
0.512061
0.512067
0.512077
0.512087
0.512087
0.512087
0.512094
0.512104
0.512104
0.512104
0.512104
0.512131
0.512131
0.512178
0.512179
0.512197
0.512197
0.512197
0.512367
0.512368
0.512368
0.512368
0.512368
0.512371
0.512371
0.512371
0.512376
0.512376
0.512387
0.512394
0.512402
0.512404
0.512448
0.512448
0.512449
0.512449
0.512449
0.512449
0.51245
0.512451
0.512454
0.512454
0.512463
0.512482
0.513228
0.513228
0.513228
0.513228
0.513228
0.513235
0.513265
0.513265
0.51328
0.51328
0.513282
0.513282
0.513284
0.513287
0.513291
0.513291
0.5135
0.513505
0.513505
0.513517
0.513517
0.513731
0.513731
0.513747
0.513924
0.513924
0.513924
0.51395
0.513952
0.513952
0.513959
0.513964
0.513964
0.513966
0.513966
0.51397
0.51397
0.514029
0.514029
0.514215
0.514215
0.514215
0.514215
0.514258
0.514258
0.514258
0.514261
0.514271
0.514299
0.514299
0.514352
0.514352
0.514357
0.514357
0.514372
0.514372
0.514551
0.514551
0.514551
0.516986
0.517012
0.517013
0.517017
0.517225
0.517226
0.517227
0.517238
0.517242
0.517256
0.517256
0.517256
0.517263
0.517268
0.517268
0.517268
0.517268
0.517268
0.517268
0.517268
0.517285
0.517285
0.517285
0.517285
0.517286
0.517288
0.517298
0.517301
0.517302
0.517304
0.517316
0.517322
0.517331
0.517338
0.517341
0.517343
0.517343
0.517588
0.517588
0.517588
0.517588
0.517589
0.517594
0.517594
0.517594
0.517594
0.517597
0.517597
0.517599
0.517599
0.517599
0.51765
0.51765
0.517826
0.517828
0.51783
0.51783
0.517836
0.517869
0.517869
0.517869
0.517869
0.51787
0.517882
0.517898
0.51791
0.51791
0.51791
0.517967
0.517967
0.517968
0.517968
0.517968
0.517969
0.518139
0.518139
0.518139
0.518139
0.518139
0.51856
0.51856
0.51856
0.518564
0.518565
0.518567
0.518595
0.518599
0.518626
0.518626
0.518626
0.51863
0.51863
0.518665
0.518665
0.518683
0.518684
0.518684
0.518686
0.518708
0.518708
0.51874
0.518746
0.518814
0.518852
0.518852
0.51886
0.51886
0.51886
0.518863
0.518863
0.518863
0.518863
0.518888
0.518889
0.518894
0.518995
0.519012
0.519014
0.519021
0.519034
0.519034
0.519267
0.519272
0.519288
0.519288
0.519288
0.519385
0.519387
0.519387
0.519387
0.519439
0.519453
0.519455
0.519472
0.519493
0.519495
0.519501
0.519518
0.519522
0.519522
0.519522
0.519557
0.519557
0.519605
0.519631
0.519631
0.519639
0.519658
0.51966
0.519665
0.519679
0.519697
0.519705
0.519784
0.519791
0.519801
0.519801
0.519801
0.519801
0.519828
0.519828
0.519828
0.51984
0.51984
0.519845
0.519845
0.519845
0.519845
0.519845
0.519845
0.520029
0.520029
0.520044
0.52005
0.520054
0.520054
0.520313
0.520313
0.520319
0.520319
0.520322
0.520325
0.520333
0.520333
0.520333
0.520333
0.520348
0.520348
0.520382
0.520382
0.520417
0.520473
0.520512
0.520513
0.520513
0.520516
0.520519
0.520528
0.520528
0.520661
0.520675
0.520675
0.520678
0.520683
0.520716
0.52072
0.520878
0.52088
0.520915
0.521001
0.521047
0.521047
0.521047
0.521047
0.521093
0.5211
0.521133
0.521133
0.521136
0.521136
0.521136
0.521138
0.521146
0.521148
0.521158
0.521485
0.521491
0.521491
0.521492
0.521501
0.521503
0.521507
0.521507
0.52153
0.521548
0.521549
0.521552
0.521674
0.521674
0.521701
0.521723
0.521728
0.521754
0.521754
0.521754
0.521766
0.521813
0.521824
0.521824
0.521841
0.521936
0.521939
0.521944
0.521976
0.521976
0.52198
0.521986
0.522008
0.522009
0.52201
0.522011
0.522011
0.522011
0.522015
0.522017
0.522019
0.522029
0.522046
0.522046
0.522094
0.522098
0.522103
0.522105
0.52211
0.52211
0.522209
0.522209
0.522209
0.522214
0.522305
0.522317
0.522458
0.522468
0.52248
0.522484
0.522485
0.522488
0.522491
0.522504
0.522505
0.522609
0.522609
0.52266
0.52266
0.52268
0.52268
0.52268
0.522693
0.522694
0.522694
0.522705
0.522705
0.522709
0.522709
0.522709
0.522709
0.522724
0.52273
0.52273
0.52273
0.52273
0.52273
0.52273
0.522731
0.522731
0.522731
0.522732
0.522737
0.5228
0.5228
0.522801
0.522801
0.522844
0.522844
0.522845
0.522845
0.522917
0.522917
0.522918
0.522925
0.522927
0.52293
0.522933
0.522985
0.522985
0.523009
0.523009
0.523009
0.523009
0.523043
0.523045
0.523045
0.523137
0.52314
0.52314
0.523145
0.523145
0.523145
0.523145
0.523155
0.523164
0.523274
0.52328
0.523291
0.523291
0.523355
0.523371
0.523376
0.523376
0.523376
0.523618
0.523647
0.523649
0.523649
0.523663
0.523663
0.523663
0.523725
0.523725
0.523726
0.523738
0.523738
0.523738
0.523783
0.523799
0.523799
0.523808
0.523808
0.52389
0.523907
0.523907
0.523994
0.52404
0.52404
0.524317
0.524317
0.524345
0.524363
0.524363
0.524363
0.5247
0.524701
0.524701
0.524702
0.524709
0.52471
0.52471
0.524742
0.524766
0.524771
0.524777
0.524778
0.52484
0.52484
0.524849
0.524849
0.524851
0.524852
0.525278
0.525283
0.525283
0.525292
0.525366
0.525379
0.525379
0.52538
0.525381
0.525381
0.525381
0.525381
0.525382
0.525476
0.52553
0.52553
0.525556
0.525556
0.525558
0.525559
0.525559
0.525559
0.525562
0.525562
0.525562
0.525562
0.525565
0.525587
0.525587
0.526467
0.526469
0.52647
0.52647
0.52647
0.526682
0.526682
0.526725
0.526725
0.526725
0.526725
0.526728
0.52673
0.526736
0.526736
0.526736
0.526736
0.526773
0.526776
0.526806
0.528074
0.528153
0.528153
0.528156
0.528156
0.528161
0.528161
0.528229
0.528229
0.528259
0.528329
0.528329
0.528528
0.528844
0.528845
0.528845
0.528846
0.528846
0.528846
0.528846
0.528846
0.528848
0.528848
0.528851
0.528851
0.528851
0.528877
0.528913
0.528937
0.528939
0.528953
0.529021
0.529023
0.529025
0.529025
0.529025
0.529099
0.529099
0.5291
0.5291
0.529201
0.529201
0.529201
0.529201
0.529201
0.529201
0.529202
0.529202
0.529265
0.52927
0.529692
0.529707
0.529707
0.529711
0.529716
0.529717
0.529717
0.529736
0.529842
0.529843
0.52989
0.52992
0.52992
0.529932
0.529932
0.529954
0.529955
0.529957
0.53035
0.530384
0.530384
0.530386
0.530398
0.530403
0.530476
0.530788
0.530788
0.530788
0.530792
0.530792
0.530817
0.530817
0.530837
0.53084
0.530847
0.530847
0.530847
0.530847
0.530847
0.530847
0.530851
0.530951
0.530951
0.531095
0.531097
0.531097
0.531148
0.531247
0.531259
0.531261
0.531262
0.534074
0.534076
0.534143
0.534143
0.534166
0.534166
0.534166
0.534191
0.534263
0.534264
0.534264
0.534275
0.534276
0.534979
0.535005
0.535006
0.535007
0.535007
0.535008
0.535026
0.535059
0.535061
0.535062
0.53509
0.535091
0.535092
0.535114
0.535171
0.535172
0.535172
0.535172
0.535175
0.535175
0.535175
0.535175
0.535221
0.535221
0.535232
0.535235
0.535235
0.535235
0.535235
0.535236
0.535239
0.535239
0.535239
0.535239
0.535241
0.535241
0.535241
0.535873
0.535883
0.535883
0.535883
0.535885
0.535885
0.535886
0.535923
0.535923
0.535927
0.535927
0.535927
0.535927
0.535936
0.536174
0.536175
0.536188
0.536214
0.536233
0.536239
0.536239
0.536239
0.53624
0.536243
0.536252
0.536252
0.536252
0.536258
0.53626
0.536262
0.536262
0.536266
0.536266
0.536266
0.536266
0.536475
0.536476
0.536482
0.536482
0.536482
0.536482
0.536482
0.536482
0.536553
0.536553
0.536553
0.536587
0.536587
0.536589
0.53659
0.536591
0.536592
0.536593
0.536593
0.536599
0.536599
0.536599
0.536605
0.536635
0.536639
0.536639
0.536639
0.536642
0.536642
0.536823
0.537727
0.537824
0.537908
0.537914
0.537927
0.537931
0.537931
0.537931
0.537931
0.537943
0.537943
0.537944
0.537944
0.537955
0.537958
0.537959
0.538455
0.53847
0.538472
0.538473
0.538473
0.538485
0.538485
0.538485
0.538486
0.538486
0.538486
0.538502
0.538503
0.538561
0.538561
0.538562
0.538562
0.53857
0.538574
0.538574
0.538585
0.538588
0.538589
0.5386
0.5386
0.5386
0.5386
0.538612
0.538612
0.538612
0.538624
0.538625
0.538629
0.538631
0.538633
0.538633
0.538633
0.538633
0.538633
0.538639
0.538665
0.538665
0.538665
0.538665
0.538721
0.538721
0.538816
0.538816
0.538817
0.538818
0.538841
0.538855
0.538855
0.538888
0.538888
0.538888
0.538898
0.538898
0.538898
0.538898
0.538898
0.538904
0.538971
0.53899
0.53899
0.53899
0.538991
0.538991
0.53901
0.539011
0.539011
0.539011
0.539013
0.539013
0.539013
0.539015
0.539015
0.539016
0.539051
0.539051
0.539055
0.539055
0.539057
0.53906
0.53906
0.53906
0.53906
0.53906
0.539101
0.539102
0.539102
0.539108
0.539108
0.539135
0.539146
0.539146
0.539146
0.539148
0.54002
0.54002
0.540099
0.540103
0.540103
0.540103
0.540115
0.540118
0.540118
0.540118
0.540319
0.540319
0.540319
0.540319
0.540416
0.540417
0.540487
0.540487
0.540487
0.540487
0.540663
0.540728
0.540784
0.540797
0.540798
0.540814
0.540862
0.540862
0.540862
0.540862
0.54089
0.54089
0.54089
0.54089
0.540897
0.540901
0.540917
0.540917
0.540917
0.540917
0.540944
0.540944
0.540944
0.540944
0.540944
0.54095
0.540954
0.540977
0.540983
0.541006
0.541007
0.541137
0.541137
0.541137
0.541145
0.541145
0.541203
0.541203
0.541204
0.541207
0.541207
0.541281
0.541281
0.541281
0.54129
0.541297
0.541395
0.541415
0.54145
0.541453
0.541453
0.541453
0.541454
0.541457
0.54146
0.54146
0.54146
0.54146
0.541461
0.541463
0.541641
0.541641
0.541884
0.541884
0.541896
0.541957
0.541957
0.541961
0.541964
0.541965
0.541965
0.54198
0.541983
0.541983
0.541987
0.541988
0.54199
0.541993
0.541998
0.541998
0.542003
0.542033
0.542033
0.542033
0.542034
0.542034
0.542075
0.542082
0.542082
0.542082
0.542083
0.542084
0.542084
0.542088
0.542116
0.542117
0.542133
0.542134
0.542134
0.542163
0.542167
0.542167
0.542172
0.542176
0.542176
0.542191
0.542202
0.542209
0.542209
0.542213
0.542213
0.542223
0.542223
0.54223
0.542324
0.542328
0.542328
0.542364
0.542406
0.542436
0.542436
0.542437
0.542438
0.542438
0.542444
0.542444
0.542448
0.542448
0.542457
0.542457
0.54246
0.54246
0.54246
0.542481
0.542481
0.542483
0.542483
0.542485
0.542485
0.542486
0.542486
0.542497
0.542497
0.542499
0.542499
0.542504
0.542507
0.542508
0.542515
0.542601
0.542615
0.542621
0.542622
0.542622
0.542622
0.542622
0.542631
0.542636
0.542636
0.542646
0.542654
0.542654
0.542654
0.542654
0.542654
0.542654
0.542662
0.542662
0.542674
0.542678
0.542678
0.543183
0.543187
0.543187
0.543204
0.543204
0.543205
0.543206
0.543206
0.543206
0.543206
0.543206
0.543212
0.543214
0.543214
0.543306
0.543307
0.543307
0.543312
0.543312
0.543312
0.543312
0.543312
0.543312
0.543313
0.543316
0.543317
0.543317
0.543317
0.543317
0.544537
0.544539
0.544541
0.544541
0.544541
0.544541
0.544541
0.544541
0.544542
0.544542
0.544546
0.544546
0.544548
0.544548
0.544568
0.544569
0.544577
0.544585
0.544585
0.544602
0.544603
0.544604
0.544849
0.544849
0.544849
0.544888
0.544905
0.544908
0.544908
0.544908
0.544922
0.544922
0.544952
0.544954
0.544954
0.544954
0.544955
0.54498
0.54498
0.544982
0.545977
0.545977
0.545995
0.545996
0.545997
0.545997
0.545997
0.545997
0.545998
0.545998
0.545999
0.545999
0.546106
0.546121
0.546133
0.546133
0.546135
0.546317
0.546317
0.54632
0.54632
0.54632
0.54632
0.546323
0.546341
0.546348
0.546355
0.546357
0.546357
0.546363
0.546363
0.546365
0.546371
0.546375
0.546378
0.546447
0.546447
0.546449
0.546449
0.546464
0.546468
0.546468
0.546468
0.546468
0.546468
0.54647
0.546485
0.546488
0.546491
0.546505
0.546506
0.546506
0.546571
0.546604
0.546604
0.546608
0.546608
0.546608
0.546612
0.546612
0.546612
0.546613
0.546617
0.546623
0.546627
0.546644
0.546652
0.546652
0.546652
0.546652
0.546876
0.546919
0.54692
0.546942
0.546942
0.546942
0.546942
0.546942
0.546942
0.546942
0.546942
0.54695
0.546953
0.546953
0.546953
0.546956
0.54696
0.546974
0.546979
0.54698
0.546981
0.546983
0.546983
0.546983
0.546993
0.546993
0.547018
0.547022
0.547038
0.54705
0.54705
0.54705
0.547058
0.547058
0.547121
0.547122
0.547123
0.547153
0.547179
0.547224
0.547224
0.54723
0.54723
0.54723
0.54723
0.54723
0.54728
0.547282
0.547293
0.547293
0.547295
0.547295
0.547328
0.547331
0.547331
0.547342
0.547431
0.547436
0.547442
0.547442
0.547442
0.547442
0.547442
0.547509
0.547509
0.547509
0.547509
0.547509
0.547513
0.547513
0.547514
0.547515
0.547515
0.547534
0.547552
0.547553
0.547583
0.547585
0.547585
0.547585
0.547585
0.547585
0.547587
0.547899
0.547899
0.547899
0.54807
0.548071
0.548078
0.548082
0.548082
0.548088
0.548116
0.548116
0.548116
0.548121
0.548122
0.548143
0.548143
0.548143
0.548159
0.548216
0.548233
0.548234
0.548569
0.548569
0.548569
0.548569
0.54858
0.54858
0.548586
0.548587
0.548587
0.548587
0.548588
0.548664
0.548664
0.548665
0.548668
0.548678
0.548679
0.54868
0.54868
0.54868
0.548682
0.548698
0.548723
0.548723
0.548723
0.548759
0.548762
0.548801
0.548805
0.548806
0.548818
0.548818
0.548819
0.548819
0.54882
0.54882
0.548822
0.54894
0.54894
0.548948
0.548949
0.548994
0.548994
0.548997
0.549089
0.549091
0.549138
0.549138
0.549139
0.549139
0.54914
0.549195
0.5492
0.549215
0.549215
0.549215
0.549215
0.549229
0.549309
0.549309
0.54936
0.549886
0.549886
0.549886
0.54989
0.549948
0.549949
0.551292
0.551292
0.5513
0.551304
0.551323
0.551323
0.551334
0.551334
0.551334
0.551345
0.551385
0.55139
0.551392
0.551392
0.551394
0.551394
0.551461
0.551461
0.551462
0.551488
0.551488
0.551516
0.551516
0.551517
0.551522
0.551529
0.551569
0.55157
0.55157
0.551633
0.551633
0.551636
0.551637
0.551719
0.551721
0.551721
0.551721
0.551724
0.551725
0.551725
0.551725
0.55173
0.551731
0.551732
0.551738
0.551741
0.551746
0.551746
0.551746
0.551746
0.551752
0.551767
0.551788
0.551789
0.551795
0.55181
0.551815
0.551822
0.551822
0.551822
0.551822
0.551844
0.551845
0.551845
0.551845
0.551845
0.551846
0.55186
0.55186
0.55186
0.551861
0.551886
0.551887
0.551887
0.55189
0.551893
0.551893
0.551914
0.551915
0.551915
0.551915
0.551917
0.551917
0.55192
0.552031
0.552033
0.552036
0.552037
0.55204
0.552047
0.552057
0.552057
0.552057
0.552057
0.55206
0.55206
0.552063
0.552065
0.552065
0.552065
0.552065
0.552099
0.5521
0.552121
0.552121
0.552137
0.55215
0.55215
0.55215
0.55256
0.552574
0.552574
0.552576
0.552584
0.552587
0.552693
0.552693
0.552699
0.552699
0.552703
0.552705
0.552705
0.552705
0.552705
0.552705
0.552731
0.552731
0.552731
0.552752
0.552754
0.552755
0.552755
0.552755
0.552762
0.552883
0.552883
0.552885
0.552885
0.552886
0.552887
0.55291
0.55291
0.55291
0.55291
0.55291
0.55291
0.552911
0.552911
0.552911
0.552912
0.552912
0.552913
0.55292
0.55292
0.55292
0.55292
0.55292
0.552923
0.552923
0.552948
0.552955
0.552955
0.552969
0.552969
0.552996
0.552996
0.552996
0.552997
0.553016
0.553017
0.553069
0.553177
0.553179
0.55318
0.55318
0.553182
0.553182
0.553252
0.553255
0.553255
0.553255
0.553262
0.553262
0.553263
0.553264
0.553268
0.553268
0.553268
0.553268
0.553284
0.553298
0.553298
0.55331
0.55331
0.55331
0.55342
0.553428
0.553428
0.553428
0.553461
0.553462
0.553462
0.553462
0.553463
0.553465
0.553479
0.553479
0.55348
0.55348
0.553481
0.553493
0.55352
0.553593
0.5536
0.55361
0.55362
0.55362
0.55362
0.55362
0.553621
0.553621
0.553656
0.553656
0.553656
0.553712
0.553712
0.553712
0.553712
0.553716
0.553716
0.553716
0.553717
0.553717
0.553717
0.553734
0.553736
0.553736
0.553736
0.55375
0.553756
0.553773
0.553775
0.553775
0.553779
0.553785
0.553788
0.553795
0.553795
0.553796
0.553796
0.553796
0.553797
0.553798
0.553798
0.553814
0.553829
0.553848
0.553848
0.553851
0.553853
0.553855
0.553855
0.553855
0.553919
0.55394
0.553946
0.553971
0.553973
0.553977
0.553977
0.553977
0.553977
0.553977
0.55398
0.553981
0.553981
0.553985
0.553985
0.553988
0.553999
0.55401
0.55401
0.55401
0.55401
0.55401
0.55401
0.554027
0.554027
0.554028
0.55403
0.55405
0.55405
0.55405
0.55405
0.55405
0.554051
0.554051
0.554051
0.554051
0.554051
0.554058
0.554058
0.554062
0.554068
0.554069
0.554084
0.554372
0.554372
0.554383
0.554395
0.554426
0.554427
0.554437
0.554437
0.554438
0.554438
0.554439
0.554439
0.554439
0.554439
0.554439
0.554439
0.55444
0.55444
0.55444
0.554449
0.554449
0.554451
0.554451
0.554455
0.554455
0.554455
0.554456
0.554456
0.554456
0.554456
0.554456
0.554456
0.554456
0.556653
0.556653
0.556682
0.556685
0.55669
0.556691
0.556729
0.556758
0.556767
0.556767
0.556767
0.556767
0.556768
0.55678
0.556783
0.556784
0.556784
0.556792
0.556971
0.55699
0.55699
0.55699
0.55699
0.557003
0.557009
0.557009
0.55701
0.557018
0.557018
0.557021
0.557021
0.557021
0.557021
0.557021
0.557021
0.557021
0.557021
0.557024
0.557024
0.557034
0.557042
0.55705
0.557051
0.557055
0.557055
0.557101
0.557152
0.557183
0.557183
0.557187
0.557188
0.55719
0.557194
0.557195
0.557201
0.557217
0.557222
0.557222
0.557222
0.557222
0.557222
0.557223
0.557224
0.557228
0.557228
0.557229
0.55725
0.557251
0.557255
0.557258
0.557258
0.557261
0.557262
0.557262
0.557265
0.557265
0.557265
0.557265
0.557265
0.557267
0.557267
0.557267
0.557267
0.557267
0.557267
0.557268
0.557298
0.557298
0.557298
0.557299
0.557299
0.557299
0.557311
0.557312
0.557321
0.557321
0.557321
0.557598
0.557601
0.557601
0.557603
0.557624
0.557642
0.557642
0.557642
0.55765
0.557682
0.557724
0.557724
0.557753
0.557823
0.557824
0.557827
0.557827
0.558031
0.558031
0.558037
0.558043
0.558043
0.558045
0.558051
0.558052
0.558052
0.558052
0.558178
0.558203
0.558214
0.558244
0.558245
0.558255
0.558255
0.558255
0.558265
0.558265
0.558268
0.558268
0.558269
0.558271
0.558271
0.558271
0.558272
0.558272
0.558272
0.558273
0.558274
0.558274
0.558274
0.558274
0.558274
0.558274
0.558274
0.558279
0.558279
0.558279
0.558284
0.558284
0.558284
0.558288
0.558811
0.558861
0.558864
0.558866
0.558866
0.558866
0.558868
0.558891
0.558892
0.558892
0.558892
0.558895
0.558895
0.558933
0.558936
0.558936
0.558936
0.558936
0.558938
0.558938
0.55894
0.55894
0.559008
0.559008
0.559008
0.559008
0.55904
0.55905
0.559061
0.559078
0.559104
0.559108
0.55911
0.559493
0.559494
0.559494
0.559494
0.559494
0.559494
0.559505
0.559506
0.559508
0.559512
0.559543
0.559549
0.55955
0.55955
0.55955
0.55955
0.559551
0.559579
0.559581
0.559593
0.559593
0.559593
0.559593
0.559593
0.559775
0.559787
0.559787
0.559787
0.559787
0.559792
0.559795
0.559795
0.559796
0.559797
0.559814
0.559814
0.559814
0.559815
0.559816
0.559816
0.559816
0.560213
0.560225
0.560926
0.560926
0.560926
0.560926
0.560926
0.560926
0.560933
0.560933
0.560934
0.560934
0.560934
0.560934
0.560959
0.560959
0.560959
0.560967
0.560967
0.560968
0.560968
0.560968
0.560968
0.560969
0.560975
0.560975
0.560975
0.560977
0.560994
0.561013
0.561013
0.561013
0.56102
0.561032
0.561032
0.561035
0.561038
0.56121
0.561222
0.561276
0.561276
0.561286
0.561571
0.561571
0.561623
0.561623
0.561625
0.561625
0.561625
0.56163
0.56163
0.56163
0.56163
0.561635
0.561635
0.56164
0.561648
0.561648
0.561648
0.561659
0.561661
0.561661
0.561684
0.561703
0.562127
0.562127
0.562157
0.562199
0.562199
0.562199
0.562199
0.562844
0.562846
0.562846
0.562846
0.562846
0.562846
0.562846
0.562846
0.562847
0.562857
0.562857
0.562857
0.562857
0.562954
0.562954
0.562955
0.562961
0.562977
0.562979
0.563095
0.563097
0.563097
0.5631
0.5631
0.5631
0.563101
0.563101
0.563103
0.563103
0.563103
0.563103
0.563109
0.563111
0.563111
0.563111
0.563134
0.56316
0.56316
0.56316
0.56316
0.56316
0.56316
0.563172
0.563222
0.563222
0.563222
0.563222
0.563222
0.563223
0.563223
0.563223
0.563223
0.563223
0.563223
0.563223
0.563223
0.563223
0.563239
0.563244
0.563246
0.563246
0.563285
0.563287
0.563301
0.563301
0.563342
0.563343
0.563348
0.563355
0.563355
0.563399
0.563399
0.563402
0.563405
0.56343
0.56343
0.56343
0.563432
0.563433
0.563433
0.563441
0.563444
0.563444
0.563444
0.563444
0.563444
0.563444
0.563444
0.563444
0.563455
0.563455
0.563468
0.563468
0.563468
0.563468
0.563468
0.563468
0.563468
0.563469
0.563471
0.563471
0.563475
0.563479
0.563479
0.563479
0.56348
0.56348
0.563507
0.563507
0.563509
0.563525
0.563525
0.563525
0.563525
0.563525
0.563528
0.563529
0.563551
0.563551
0.563554
0.563554
0.563564
0.563564
0.563567
0.563583
0.563583
0.563596
0.563597
0.563623
0.563623
0.563626
0.563626
0.563626
0.563626
0.563747
0.563747
0.56375
0.563753
0.563753
0.563754
0.563801
0.563802
0.563814
0.563814
0.563833
0.563835
0.563835
0.563836
0.563874
0.563879
0.563879
0.563882
0.563887
0.563887
0.563897
0.563897
0.563897
0.563897
0.563897
0.563897
0.563897
0.563898
0.563898
0.563898
0.563898
0.563898
0.563898
0.563898
0.563902
0.563922
0.563922
0.563959
0.563959
0.563959
0.563959
0.56396
0.563961
0.563989
0.563989
0.563994
0.564
0.564002
0.564002
0.564044
0.564045
0.564045
0.564052
0.564061
0.564061
0.564061
0.564064
0.564064
0.564087
0.564112
0.564112
0.564112
0.564112
0.56477
0.56477
0.564775
0.564775
0.564823
0.564921
0.564921
0.564921
0.564922
0.564922
0.564926
0.564926
0.564972
0.564973
0.564973
0.564973
0.564973
0.564973
0.564973
0.564973
0.564999
0.564999
0.565
0.565015
0.565028
0.565028
0.565029
0.565029
0.565034
0.565038
0.565048
0.565055
0.565059
0.565061
0.565061
0.565061
0.565061
0.565064
0.565064
0.565064
0.565064
0.565064
0.565202
0.565203
0.565236
0.565236
0.565237
0.565237
0.565237
0.565237
0.565266
0.565267
0.565272
0.565272
0.565277
0.565277
0.565277
0.565277
0.565278
0.565284
0.565305
0.565305
0.565306
0.565331
0.565562
0.565562
0.565562
0.565562
0.565562
0.565675
0.565683
0.565683
0.565683
0.565683
0.565688
0.565688
0.565694
0.565694
0.565695
0.565698
0.565698
0.565698
0.565698
0.565698
0.565701
0.565703
0.565703
0.565703
0.565703
0.565703
0.565706
0.565706
0.565719
0.565719
0.566356
0.566357
0.566357
0.566357
0.566357
0.566357
0.566357
0.566405
0.566405
0.566405
0.566414
0.566414
0.566414
0.566455
0.566455
0.566455
0.566458
0.566458
0.566458
0.566459
0.566469
0.566484
0.566533
0.566533
0.566533
0.566543
0.566543
0.566543
0.566543
0.566543
0.566544
0.566544
0.566546
0.566546
0.566554
0.566554
0.566562
0.566562
0.566563
0.566567
0.566569
0.566569
0.566578
0.566591
0.566591
0.566591
0.566594
0.566594
0.566609
0.566612
0.566613
0.566613
0.566613
0.566613
0.566613
0.566619
0.566619
0.566619
0.566619
0.566621
0.566621
0.566622
0.566622
0.566622
0.566641
0.56667
0.56667
0.566715
0.566715
0.566718
0.566718
0.566718
0.566718
0.566755
0.566755
0.56676
0.56676
0.566769
0.566769
0.566769
0.56677
0.56677
0.56677
0.56677
0.56677
0.566772
0.566772
0.566773
0.566773
0.566773
0.566773
0.566773
0.566773
0.566775
0.566779
0.566784
0.566898
0.5669
0.56691
0.56691
0.566911
0.566911
0.566911
0.566911
0.566911
0.566912
0.566918
0.56692
0.566922
0.566922
0.566922
0.566923
0.566923
0.566925
0.566927
0.566927
0.56697
0.56697
0.566973
0.566973
0.567273
0.567301
0.567301
0.567301
0.567301
0.567301
0.567301
0.567301
0.567301
0.567301
0.567301
0.567302
0.567302
0.567302
0.567302
0.567306
0.567307
0.567307
0.567307
0.567307
0.567307
0.567307
0.567307
0.567318
0.567318
0.567318
0.567318
0.567318
0.567319
0.567319
0.56732
0.567322
0.567359
0.567359
0.567364
0.567364
0.567364
0.567364
0.567364
0.567364
0.567374
0.567374
0.567375
0.56745
0.56745
0.56745
0.56745
0.567452
0.567452
0.567729
0.567735
0.567736
0.567736
0.567736
0.567737
0.567737
0.567737
0.567739
0.56774
0.567743
0.567754
0.567754
0.567755
0.567756
0.567756
0.567761
0.567761
0.567761
0.567766
0.567767
0.567767
0.567787
0.567807
0.567807
0.568228
0.568228
0.568228
0.568228
0.568228
0.568232
0.568232
0.568232
0.568232
0.568234
0.568234
0.568234
0.568234
0.568262
0.568264
0.568264
0.568266
0.568284
0.568284
0.568291
0.568291
0.568294
0.568295
0.5683
0.568308
0.568308
0.568313
0.568313
0.568314
0.568314
0.568314
0.568315
0.568316
0.568316
0.568319
0.568323
0.568326
0.568328
0.568328
0.568328
0.568328
0.568328
0.568328
0.568335
0.568788
0.568807
0.568807
0.568807
0.568807
0.568807
0.568807
0.568808
0.568813
0.568813
0.568813
0.568813
0.568813
0.568816
0.568822
0.568823
0.568823
0.568823
0.568836
0.568837
0.568837
0.568848
0.568848
0.568848
0.568848
0.568848
0.568859
0.568861
0.568861
0.568864
0.568864
0.568877
0.568877
0.568877
0.568912
0.568912
0.568913
0.568913
0.568917
0.568917
0.568938
0.568938
0.568941
0.568944
0.568946
0.56895
0.569031
0.569057
0.569057
0.569057
0.569063
0.569063
0.569063
0.569063
0.569063
0.569066
0.569067
0.569067
0.569068
0.569068
0.569068
0.569068
0.569068
0.569069
0.56907
0.56907
0.56907
0.569071
0.569071
0.569071
0.569072
0.569074
0.569074
0.569074
0.569075
0.569076
0.569076
0.569076
0.569076
0.569076
0.569076
0.569076
0.569085
0.569087
0.569087
0.569087
0.56909
0.569095
0.569096
0.569106
0.569106
0.569107
0.569118
0.569118
0.569126
0.569126
0.569171
0.569171
0.569171
0.569172
0.569172
0.569172
0.569172
0.569172
0.569172
0.569172
0.569184
0.569184
0.569184
0.569184
0.569184
0.569193
0.569198
0.569201
0.569204
0.569204
0.569204
0.569204
0.56922
0.56922
0.569223
0.569237
0.569238
0.569238
0.569245
0.569245
0.569247
0.569247
0.56925
0.569256
0.569256
0.569259
0.569261
0.569261
0.569261
0.569261
0.569261
0.569261
0.569294
0.569294
0.569304
0.569308
0.569308
0.569312
0.569312
0.569312
0.569312
0.569314
0.569314
0.569314
0.56932
0.569566
0.569566
0.569566
0.569581
0.569582
0.569585
0.569586
0.569591
0.569591
0.569591
0.569591
0.569591
0.569591
0.569591
0.569592
0.569592
0.569592
0.569592
0.569594
0.569595
0.569625
0.569629
0.569629
0.569629
0.569629
0.569629
0.569631
0.569631
0.569648
0.569648
0.569997
0.569999
0.57001
0.57001
0.57001
0.570024
0.570024
0.570024
0.570025
0.570025
0.570025
0.570025
0.57003
0.57003
0.57003
0.57003
0.570043
0.570044
0.570044
0.570044
0.570055
0.570089
0.570092
0.570103
0.570103
0.570103
0.570103
0.570104
0.570104
0.570105
0.570105
0.570105
0.570105
0.570105
0.570105
0.570105
0.570105
0.570105
0.570105
0.570106
0.570106
0.570111
0.570111
0.570111
0.57012
0.570121
0.570121
0.570121
0.57014
0.570141
0.570141
0.570148
0.570149
0.570151
0.570151
0.570154
0.570155
0.570155
0.570155
0.570155
0.570156
0.570156
0.570157
0.570157
0.570168
0.57017
0.57017
0.570184
0.570185
0.570185
0.570229
0.570229
0.570229
0.570229
0.570229
0.570232
0.570241
0.57026
0.570261
0.570263
0.570265
0.570266
0.570272
0.570272
0.5704
0.5704
0.570452
0.570452
0.570452
0.570453
0.570454
0.570463
0.570463
0.570463
0.570463
0.570463
0.570463
0.570487
0.570487
0.570487
0.57066
0.570662
0.570662
0.570662
0.570666
0.570668
0.570683
0.570683
0.570699
0.570699
0.570699
0.570699
0.570699
0.570699
0.570699
0.570699
0.5707
0.5707
0.570743
0.570743
0.570743
0.570744
0.570798
0.570799
0.570799
0.570799
0.570802
0.570807
0.570807
0.570807
0.570807
0.570808
0.57081
0.57081
0.570811
0.570812
0.570812
0.570812
0.570824
0.570824
0.570824
0.570828
0.570828
0.570831
0.570834
0.570838
0.570844
0.570844
0.570844
0.570844
0.570844
0.570846
0.570846
0.570848
0.570848
0.570859
0.570859
0.570859
0.570886
0.570886
0.570904
0.570904
0.570904
0.570904
0.570905
0.570905
0.57091
0.570919
0.570919
0.570919
0.570919
0.570919
0.570919
0.570922
0.570926
0.570926
0.570954
0.570955
0.570955
0.570955
0.570956
0.570956
0.570967
0.571048
0.571048
0.571049
0.571049
0.57105
0.571052
0.571053
0.571053
0.571053
0.571053
0.571054
0.571057
0.571624
0.571624
0.571624
0.571691
0.571691
0.571691
0.571691
0.571691
0.571691
0.571691
0.571691
0.571692
0.571692
0.571692
0.571692
0.571692
0.571692
0.571692
0.571749
0.571749
0.571749
0.571749
0.571749
0.57178
0.5718
0.5718
0.5718
0.5718
0.571802
0.571802
0.571802
0.571806
0.571806
0.571806
0.571806
0.571809
0.571809
0.571809
0.571809
0.571809
0.571809
0.571809
0.571809
0.571816
0.571816
0.571818
0.571818
0.571818
0.571818
0.571818
0.571818
0.571818
0.571819
0.571819
0.571822
0.571822
0.571822
0.571828
0.571829
0.571829
0.57183
0.57183
0.572001
0.572093
0.572093
0.572093
0.572093
0.572093
0.572093
0.572096
0.572096
0.572145
0.572145
0.572145
0.572145
0.572148
0.572149
0.572149
0.572152
0.572152
0.572152
0.572183
0.572184
0.572195
0.5722
0.5722
0.572206
0.572206
0.572211
0.572211
0.572235
0.572235
0.572235
0.572238
0.572238
0.572238
0.572256
0.572256
0.572256
0.572257
0.572282
0.572287
0.572287
0.572293
0.572293
0.572293
0.572293
0.572296
0.572296
0.572296
0.572302
0.572303
0.572303
0.572303
0.572303
0.572303
0.572303
0.572303
0.572307
0.572307
0.572308
0.572308
0.572309
0.572311
0.572311
0.572311
0.572311
0.572311
0.572363
0.572367
0.572367
0.572367
0.572367
0.572368
0.572368
0.572368
0.572374
0.572415
0.572415
0.572415
0.572417
0.572417
0.572417
0.572417
0.572433
0.572433
0.57259
0.57259
0.57259
0.572907
0.572907
0.572911
0.572911
0.572911
0.572913
0.572915
0.572919
0.572919
0.572919
0.572919
0.572919
0.572919
0.573245
0.573248
0.573263
0.573263
0.573263
0.573263
0.573264
0.573269
0.573269
0.573269
0.573269
0.573269
0.573269
0.573269
0.573269
0.573269
0.573269
0.57327
0.573271
0.573279
0.573279
0.573279
0.573293
0.573293
0.573293
0.573293
0.573302
0.573303
0.573304
0.573304
0.573304
0.573314
0.573314
0.573314
0.573317
0.573319
0.573319
0.57332
0.573323
0.573323
0.573351
0.573354
0.573357
0.573366
0.573366
0.573368
0.573479
0.573479
0.573479
0.573479
0.573479
0.573479
0.573479
0.573479
0.573495
0.573497
0.573497
0.573497
0.573497
0.573501
0.573504
0.573505
0.573505
0.573505
0.573505
0.573505
0.574891
0.574997
0.574997
0.575045
0.575045
0.575045
0.575062
0.575065
0.575065
0.575065
0.575065
0.575116
0.575116
0.575383
0.575383
0.575383
0.575386
0.57539
0.57539
0.575391
0.575392
0.575396
0.575396
0.5754
0.575402
0.575402
0.575449
0.575453
0.575453
0.575454
0.575455
0.575455
0.575456
0.575456
0.575461
0.575582
0.575582
0.575582
0.575582
0.575582
0.575582
0.575586
0.575586
0.575586
0.575586
0.575586
0.575587
0.575587
0.575587
0.575587
0.575587
0.575588
0.575588
0.575604
0.575604
0.575604
0.575604
0.575607
0.575607
0.575607
0.575607
0.575676
0.575676
0.575676
0.575676
0.575676
0.575689
0.575689
0.575689
0.575689
0.575689
0.575731
0.575731
0.575733
0.575733
0.575745
0.575818
0.575821
0.575821
0.575821
0.575821
0.575823
0.57588
0.575881
0.575884
0.575884
0.575884
0.575886
0.575888
0.575888
0.575889
0.575889
0.575902
0.575902
0.575904
0.575904
0.575905
0.575905
0.575907
0.575907
0.575907
0.575907
0.575909
0.575909
0.575953
0.575953
0.575953
0.576001
0.576002
0.57601
0.57601
0.57601
0.576018
0.576019
0.576019
0.576019
0.57602
0.57602
0.57602
0.57602
0.576021
0.576032
0.576032
0.576032
0.576032
0.576032
0.576034
0.57604
0.576041
0.576051
0.576051
0.576113
0.576113
0.576113
0.576114
0.576114
0.576114
0.576114
0.576303
0.576303
0.576303
0.576303
0.576304
0.576304
0.576304
0.576304
0.576304
0.576305
0.576305
0.576305
0.576305
0.576305
0.576305
0.576305
0.576321
0.576321
0.576323
0.576324
0.576329
0.57633
0.57633
0.576338
0.576338
0.576338
0.576338
0.576342
0.576345
0.576345
0.576345
0.576345
0.576345
0.576366
0.576366
0.576366
0.576366
0.576366
0.576366
0.576368
0.576368
0.576368
0.576368
0.576371
0.576371
0.576371
0.576371
0.576389
0.576389
0.576418
0.57642
0.576422
0.576422
0.576422
0.576422
0.576422
0.576422
0.576424
0.576424
0.576424
0.576425
0.576425
0.576425
0.576425
0.57643
0.57644
0.57644
0.576442
0.576442
0.576442
0.576446
0.576446
0.576456
0.576456
0.576456
0.576456
0.576456
0.576457
0.576457
0.576457
0.576457
0.576457
0.57652
0.576522
0.576541
0.576541
0.576547
0.576547
0.576547
0.576547
0.576547
0.576547
0.576547
0.576547
0.576547
0.576547
0.5766
0.5766
0.576605
0.576606
0.576656
0.576656
0.576656
0.576656
0.576656
0.576656
0.576656
0.576656
0.576692
0.576697
0.576697
0.576697
0.576698
0.576713
0.576713
0.576714
0.576714
0.576714
0.576714
0.576735
0.576735
0.576739
0.576739
0.576746
0.576746
0.576746
0.576746
0.57676
0.57676
0.57676
0.5768
0.576801
0.576803
0.57681
0.576816
0.576816
0.576817
0.576823
0.576823
0.576825
0.576825
0.576826
0.576826
0.576826
0.576826
0.576829
0.576829
0.576831
0.576831
0.576914
0.576914
0.576915
0.576925
0.576943
0.576943
0.576967
0.576969
0.576971
0.577002
0.577005
0.577278
0.577278
0.577278
0.577279
0.577279
0.57728
0.577286
0.577286
0.577286
0.577286
0.577286
0.577286
0.577286
0.577287
0.577287
0.577321
0.577321
0.577321
0.577321
0.577321
0.577321
0.577324
0.577324
0.577325
0.577325
0.57745
0.57745
0.57745
0.57745
0.57745
0.57745
0.57745
0.577451
0.577468
0.577468
0.577468
0.577468
0.577468
0.577468
0.577478
0.577478
0.577478
0.577478
0.577478
0.577485
0.577485
0.577485
0.577485
0.577485
0.577485
0.577485
0.577485
0.577485
0.577485
0.577485
0.577485
0.577485
0.577485
0.577485
0.577485
0.577485
0.577485
0.577485
0.577485
0.577485
0.577622
0.577623
0.577623
0.577623
0.577623
0.577623
0.577623
0.577623
0.577623
0.577623
0.577626
0.577626
0.577626
0.577626
0.577626
0.577626
0.577626
0.577627
0.577629
0.577664
0.577665
0.577667
0.577667
0.577667
0.577667
0.57767
0.57767
0.57767
0.57767
0.57767
0.57767
0.577772
0.577774
0.577775
0.577775
0.577775
0.577775
0.577775
0.577775
0.577776
0.577776
0.577776
0.577776
0.577776
0.578259
0.578259
0.578266
0.578266
0.578291
0.578291
0.578316
0.578316
0.578316
0.578316
0.578316
0.578316
0.578316
0.578316
0.578316
0.578316
0.578318
0.578321
0.578322
0.578322
0.578323
0.578323
0.578323
0.578386
0.578386
0.578386
0.578386
0.57839
0.57839
0.57839
0.578402
0.578402
0.578402
0.578402
0.578402
0.578405
0.578406
0.578406
0.578406
0.578407
0.578408
0.578408
0.578408
0.578408
0.578408
0.578408
0.578411
0.578411
0.578411
0.578411
0.578411
0.578411
0.578412
0.578412
0.578414
0.57842
0.578434
0.578434
0.578434
0.578438
0.57844
0.57844
0.57844
0.57844
0.57844
0.578445
0.578445
0.578445
0.578446
0.578446
0.578446
0.578446
0.578446
0.578447
0.578447
0.578447
0.578447
0.578447
0.578447
0.578451
0.578451
0.578451
0.578451
0.578451
0.578451
0.578981
0.578983
0.578983
0.578983
0.578983
0.578983
0.578983
0.579002
0.579002
0.579002
0.579002
0.579002
0.579002
0.579002
0.579536
0.579536
0.579536
0.579537
0.579537
0.579537
0.579537
0.579537
0.579539
0.579539
0.579539
0.579541
0.579549
0.579549
0.57955
0.579621
0.579621
0.579621
0.579621
0.579621
0.579621
0.579621
0.579621
0.579621
0.579621
0.579622
0.579623
0.579623
0.579623
0.579623
0.579623
0.579623
0.579627
0.579627
0.579627
0.579627
0.579627
0.579627
0.579627
0.579627
0.579627
0.579627
0.579627
0.579628
0.579628
0.579628
0.579628
0.579629
0.579629
0.579629
0.579663
0.579663
0.579663
0.579664
0.579664
0.579664
0.57977
0.57977
0.57977
0.57977
0.57977
0.57977
0.57977
0.57977
0.579794
0.579794
0.579921
0.579921
0.579921
0.579921
0.579922
0.579926
0.579926
0.579926
0.579926
0.579926
0.579926
0.579926
0.579939
0.579939
0.579939
0.579939
0.579939
0.579941
0.579941
0.579954
0.579954
0.579961
0.579961
0.57997
0.57997
0.579972
0.579972
0.579972
0.579996
0.580014
0.580016
0.580016
0.580016
0.580016
0.580022
0.580022
0.580057
0.580059
0.580059
0.580059
0.580061
0.580061
0.580061
0.580061
0.580061
0.580062
0.580062
0.580062
0.580073
0.580073
0.580073
0.580073
0.580083
0.580084
0.580084
0.580084
0.580085
0.580085
0.580114
0.580114
0.580114
0.580114
0.580114
0.580114
0.580114
0.580114
0.580114
0.580114
0.580114
0.580132
0.580132
0.580132
0.580132
0.580132
0.580132
0.580132
0.580143
0.580229
0.580266
0.580266
0.580266
0.580266
0.580266
0.580266
0.580266
0.580266
0.580266
0.580266
0.580266
0.580266
0.580266
0.580266
0.580266
0.580266
0.580267
0.580267
0.580267
0.580267
0.580267
0.580267
0.580267
0.580267
0.580267
0.580267
0.580267
0.580267
0.580267
0.580387
0.580387
0.580387
0.580387
0.580387
0.580417
0.580418
0.580419
0.58042
0.58042
0.58042
0.58042
0.58042
0.58042
0.58042
0.580431
0.580455
0.580462
0.580462
0.580462
0.580462
0.580462
0.580484
0.580487
0.580492
0.580492
0.580492
0.580492
0.580492
0.580492
0.580492
0.580492
0.580495
0.580495
0.580495
0.580497
0.580497
0.580508
0.580508
0.580508
0.580509
0.580509
0.580509
0.580518
0.580518
0.580518
0.58052
0.58052
0.58052
0.580522
0.580522
0.580522
0.580522
0.580536
0.580536
0.580536
0.580536
0.580543
0.580543
0.580543
0.580544
0.580544
0.580544
0.580544
0.580544
0.580544
0.580545
0.580545
0.580545
0.580545
0.580585
0.580585
0.580585
0.580586
0.580586
0.580586
0.580586
0.580586
0.58059
0.58059
0.58059
0.58059
0.580591
0.580591
0.580591
0.580591
0.580591
0.580591
0.580591
0.580591
0.580591
0.580591
0.580591
0.580595
0.580595
0.580595
0.580595
0.580597
0.580597
0.580597
0.580597
0.580597
0.580599
0.580663
0.580663
0.580671
0.580671
0.580671
0.580672
0.580672
0.580672
0.580672
0.580672
0.580673
0.580673
0.580673
0.580674
0.580674
0.580675
0.580675
0.580675
0.580678
0.580678
0.580678
0.581179
0.581179
0.581179
0.581187
0.581187
0.581459
0.581459
0.581459
0.581459
0.581459
0.581459
0.581464
0.581464
0.581464
0.581464
0.581464
0.581466
0.581466
0.581466
0.581466
0.581466
0.581466
0.581468
0.581468
0.581468
0.581468
0.581539
0.581539
0.581539
0.58154
0.58154
0.58154
0.58154
0.58154
0.58154
0.58154
0.58154
0.58154
0.58154
0.58154
0.581541
0.581541
0.581541
0.581542
0.581543
0.581545
0.581545
0.581545
0.581545
0.581545
0.581545
0.581545
0.581583
0.581583
0.581583
0.581583
0.581601
0.581601
0.581601
0.581601
0.581601
0.581601
0.581601
0.581601
0.581603
0.581603
0.581603
0.581603
0.581605
0.581605
0.581605
0.581605
0.581605
0.581622
0.581623
0.581624
0.581629
0.581629
0.581629
0.581629
0.581629
0.581633
0.581633
0.581634
0.581634
0.581634
0.581634
0.581656
0.581656
0.581656
0.581656
0.581656
0.581657
0.581657
0.581658
0.581658
0.581658
0.581659
0.581659
0.581664
0.581664
0.581669
0.581669
0.58167
0.58167
0.581674
0.581675
0.581675
0.581676
0.581676
0.581676
0.581706
0.581706
0.581706
0.581706
0.581706
0.581706
0.582472
0.582472
0.582472
0.582473
0.582473
0.582474
0.582474
0.582474
0.582477
0.582477
0.582477
0.582477
0.582477
0.582477
0.582478
0.582873
0.582873
0.582873
0.582873
0.582873
0.582873
0.582873
0.582875
0.58289
0.58289
0.58289
0.582896
0.582896
0.582906
0.582906
0.582906
0.582906
0.582907
0.582907
0.582907
0.582907
0.582907
0.582907
0.582907
0.582907
0.582907
0.582908
0.582908
0.582908
0.582908
0.582913
0.582913
0.582913
0.582913
0.582915
0.582919
0.582919
0.582919
0.582919
0.583179
0.583179
0.583179
0.583179
0.58318
0.583181
0.583181
0.583181
0.583181
0.583183
0.583185
0.583185
0.583185
0.583204
0.583204
0.583204
0.583247
0.583247
0.583247
0.583248
0.583249
0.583249
0.583253
0.583253
0.583253
0.583253
0.583253
0.583259
0.583265
0.583541
0.583541
0.583541
0.583544
0.583561
0.583561
0.583562
0.583562
0.583572
0.583572
0.583595
0.583596
0.583596
0.584169
0.584169
0.584169
0.584169
0.584169
0.58418
0.58418
0.58418
0.58418
0.584183
0.584184
0.584184
0.584184
0.584184
0.584184
0.584184
0.584184
0.584186
0.584186
0.584199
0.584199
0.584199
0.584199
0.584199
0.584201
0.584201
0.584201
0.584201
0.584203
0.584204
0.584313
0.584313
0.584313
0.584378
0.584378
0.584378
0.584383
0.584383
0.584383
0.584383
0.584383
0.584387
0.584387
0.584387
0.584387
0.584387
0.584404
0.584409
0.584412
0.584511
0.584752
0.584752
0.585032
0.585032
0.585032
0.585033
0.585035
0.585036
0.585036
0.585044
0.585044
0.585044
0.585044
0.585044
0.585044
0.585044
0.585054
0.585054
0.585059
0.585059
0.585059
0.58532
0.58532
0.58532
0.58532
0.58532
0.58532
0.585335
0.585336
0.585336
0.585337
0.585351
0.585351
0.585352
0.585398
0.585398
0.585399
0.585399
0.585399
0.585445
0.585445
0.585445
0.585445
0.585447
0.585452
0.585454
0.585456
0.585456
0.585457
0.585457
0.585457
0.585484
0.585488
0.585488
0.585488
0.585492
0.585495
0.585503
0.585503
0.585503
0.585503
0.585503
0.585503
0.585504
0.585504
0.585506
0.585506
0.585506
0.585506
0.585506
0.585506
0.585512
0.585513
0.585514
0.585514
0.585514
0.585514
0.585514
0.585518
0.585518
0.585519
0.585519
0.585519
0.585519
0.585519
0.58552
0.58552
0.585522
0.585524
0.585524
0.585524
0.585524
0.585524
0.585524
0.585525
0.585592
0.585593
0.585594
0.585612
0.585612
0.585612
0.585612
0.585661
0.585661
0.585662
0.585662
0.585662
0.585743
0.585755
0.586342
0.587826
0.58783
0.58783
0.58783
0.58783
0.587831
0.587836
0.587836
0.587836
0.587836
0.587839
0.587839
0.587839
0.587839
0.587839
0.587852
0.587852
0.587854
0.587854
0.587854
0.587887
0.587887
0.587891
0.587891
0.587898
0.5879
0.587901
0.587901
0.587901
0.587901
0.587901
0.587901
0.587915
0.587915
0.588265
0.588266
0.588266
0.588266
0.588278
0.588282
0.588282
0.588282
0.588282
0.588283
0.588283
0.588283
0.588283
0.588283
0.588283
0.588283
0.588283
0.588291
0.588291
0.588291
0.588291
0.588303
0.588318
0.588322
0.588322
0.588324
0.588324
0.588324
0.588324
0.588326
0.588326
0.588326
0.588327
0.588327
0.588327
0.588327
0.588327
0.588329
0.588329
0.58833
0.588525
0.588525
0.588525
0.588525
0.588525
0.588525
0.588529
0.58856
0.588561
0.588562
0.588563
0.588563
0.588565
0.588565
0.588565
0.588565
0.588565
0.58862
0.588624
0.588629
0.588629
0.588631
0.588634
0.588634
0.588635
0.588635
0.588635
0.588642
0.588642
0.588642
0.588642
0.588642
0.588659
0.588659
0.58866
0.588661
0.588664
0.588664
0.588664
0.588664
0.588664
0.588664
0.588671
0.58871
0.588712
0.588712
0.588712
0.588712
0.588712
0.588712
0.588713
0.588715
0.588715
0.588715
0.588715
0.588716
0.588716
0.588716
0.588716
0.588716
0.58872
0.58872
0.58872
0.58872
0.588728
0.588774
0.588778
0.588784
0.58879
0.588806
0.588806
0.588807
0.588807
0.588821
0.588884
0.588884
0.588884
0.588884
0.588899
0.5889
0.588902
0.588902
0.588903
0.588904
0.58891
0.588911
0.588911
0.588914
0.588914
0.588918
0.588918
0.588918
0.588919
0.588919
0.588919
0.588919
0.588919
0.588919
0.588919
0.588919
0.588919
0.588961
0.588961
0.588961
0.588961
0.588963
0.588966
0.588966
0.588966
0.588966
0.588967
0.588967
0.588968
0.58897
0.58897
0.58897
0.588974
0.588974
0.588974
0.588974
0.588982
0.588982
0.589
0.589
0.589
0.589
0.589
0.589011
0.589011
0.589011
0.589011
0.589602
0.589602
0.589602
0.589603
0.589604
0.589604
0.589605
0.589605
0.589605
0.589606
0.589606
0.589607
0.589607
0.589607
0.58961
0.58961
0.589611
0.589614
0.589614
0.58962
0.58962
0.589671
0.589671
0.589671
0.589671
0.589671
0.589683
0.589683
0.589683
0.58969
0.58969
0.589691
0.589691
0.589691
0.589691
0.589692
0.589692
0.589692
0.589692
0.589694
0.589705
0.589705
0.589706
0.589708
0.589708
0.589709
0.589711
0.589712
0.589712
0.589712
0.589712
0.589713
0.589713
0.589713
0.589795
0.589798
0.589798
0.589801
0.589801
0.589801
0.589801
0.589801
0.589847
0.589847
0.589847
0.589847
0.589847
0.5899
0.589954
0.589954
0.590077
0.590077
0.590077
0.590093
0.590093
0.590093
0.590093
0.590094
0.590098
0.590098
0.590148
0.590149
0.590166
0.590166
0.59017
0.59017
0.59017
0.59017
0.590172
0.590172
0.59018
0.590181
0.590181
0.590181
0.590181
0.590181
0.59022
0.59022
0.59022
0.590223
0.590223
0.590226
0.590226
0.590239
0.590242
0.590242
0.590242
0.590242
0.590242
0.590242
0.590242
0.590249
0.59026
0.590262
0.590262
0.590262
0.590289
0.590325
0.590326
0.590326
0.590331
0.590331
0.590331
0.590333
0.590335
0.590337
0.590337
0.590337
0.590351
0.590408
0.590408
0.590424
0.590424
0.590429
0.59043
0.59043
0.59043
0.59043
0.590529
0.590529
0.590529
0.590529
0.590529
0.590529
0.590591
0.590591
0.590594
0.590595
0.590595
0.590596
0.590596
0.590596
0.590598
0.590598
0.590598
0.590598
0.590602
0.590602
0.590897
0.590897
0.590899
0.590901
0.590916
0.591089
0.591089
0.591089
0.591091
0.591091
0.591091
0.591091
0.591091
0.591091
0.591091
0.591091
0.591145
0.591149
0.591149
0.59115
0.59115
0.59115
0.591205
0.591205
0.591205
0.591205
0.591205
0.591205
0.591205
0.591209
0.591209
0.591218
0.59122
0.591221
0.591222
0.591228
0.591233
0.591233
0.591233
0.591235
0.591235
0.591242
0.591242
0.591242
0.591242
0.591242
0.591242
0.591242
0.591242
0.591242
0.591245
0.591245
0.591245
0.591246
0.591246
0.591246
0.591246
0.591246
0.591246
0.591337
0.591337
0.591337
0.591343
0.591343
0.591343
0.591345
0.591345
0.591345
0.591345
0.591345
0.591345
0.591347
0.591347
0.591347
0.591347
0.591347
0.591396
0.591402
0.591402
0.591416
0.591416
0.591419
0.591419
0.591449
0.591449
0.591449
0.591449
0.591454
0.591455
0.59146
0.59146
0.59147
0.59147
0.591508
0.591508
0.59151
0.591513
0.591513
0.591513
0.591636
0.591636
0.591636
0.591636
0.591636
0.591636
0.591636
0.591636
0.591636
0.591636
0.591636
0.591636
0.591637
0.591637
0.591639
0.591639
0.591639
0.591639
0.591639
0.591639
0.591639
0.591639
0.591639
0.591639
0.59164
0.59164
0.59164
0.591712
0.591712
0.591712
0.591723
0.591723
0.591724
0.591726
0.591726
0.591737
0.591737
0.591737
0.591762
0.591766
0.591766
0.591768
0.591787
0.591787
0.591788
0.591788
0.591788
0.591788
0.591788
0.591788
0.591788
0.591788
0.591788
0.591801
0.591833
0.591833
0.591884
0.591888
0.591888
0.591888
0.591888
0.591893
0.591893
0.591893
0.591893
0.591964
0.591964
0.591964
0.591965
0.591965
0.591965
0.591968
0.591968
0.591968
0.591968
0.591968
0.591968
0.591968
0.591968
0.591968
0.591968
0.591969
0.591969
0.591969
0.591969
0.591981
0.592054
0.592058
0.592065
0.592065
0.592065
0.592065
0.592074
0.592378
0.592378
0.592378
0.592378
0.592378
0.592379
0.592379
0.592379
0.592379
0.592379
0.592379
0.592381
0.592386
0.592388
0.592388
0.592538
0.592538
0.592538
0.592538
0.592538
0.592538
0.59293
0.59293
0.59293
0.59293
0.59293
0.59293
0.59293
0.59293
0.59293
0.59293
0.59293
0.594527
0.594531
0.594533
0.594533
0.594533
0.594533
0.594714
0.594714
0.594714
0.594714
0.594714
0.594717
0.594789
0.594789
0.594789
0.594789
0.594789
0.594789
0.594796
0.594796
0.594796
0.594796
0.594796
0.594796
0.594796
0.594797
0.594797
0.594799
0.5948
0.5948
0.5948
0.5948
0.5948
0.5948
0.5948
0.595023
0.595024
0.595031
0.595031
0.595031
0.595032
0.595032
0.595032
0.595032
0.595032
0.595032
0.59505
0.59505
0.59505
0.59505
0.59505
0.59505
0.595053
0.595053
0.595053
0.595062
0.595062
0.595062
0.595062
0.595062
0.595062
0.595062
0.595062
0.595062
0.595064
0.59507
0.59507
0.59507
0.59507
0.59507
0.595073
0.595153
0.595153
0.595153
0.595153
0.595153
0.595153
0.595153
0.595154
0.595154
0.595195
0.595195
0.595195
0.595195
0.595195
0.595195
0.595212
0.595212
0.595212
0.595212
0.595218
0.595218
0.595218
0.595218
0.595237
0.595237
0.595258
0.595258
0.595258
0.595258
0.595258
0.595258
0.595258
0.595259
0.595259
0.595284
0.595284
0.595284
0.595284
0.595284
0.595284
0.595284
0.595284
0.595321
0.595321
0.595321
0.595321
0.595321
0.595321
0.595321
0.595321
0.595328
0.595328
0.595407
0.595407
0.595407
0.595407
0.595407
0.595407
0.595445
0.595445
0.595463
0.595463
0.595463
0.595463
0.595463
0.595463
0.595463
0.595463
0.595463
0.595463
0.595463
0.595463
0.595463
0.595463
0.595463
0.595466
0.595466
0.595466
0.595466
0.595466
0.595467
0.595467
0.595467
0.595467
0.595467
0.595817
0.595817
0.595817
0.595817
0.595818
0.595818
0.595818
0.595818
0.59582
0.59582
0.59582
0.59582
0.59582
0.59582
0.59582
0.596504
0.596504
0.596504
0.596504
0.596504
0.59662
0.59662
0.59662
0.59662
0.596628
0.596628
0.596628
0.596629
0.596631
0.596631
0.596631
0.596631
0.59666
0.59666
0.59666
0.59666
0.59666
0.59666
0.59666
0.59666
0.596674
0.596674
0.596674
0.596925
0.596925
0.596925
0.596925
0.596925
0.596925
0.596934
0.596935
0.596935
0.599002
0.599002
0.599002
0.599006
0.599009
0.599009
0.599009
0.599009
0.599009
0.599011
0.599011
0.599029
0.599029
0.599038
0.599038
0.599038
0.59904
0.59904
0.599051
0.599053
0.599053
0.599066
0.599075
0.599076
0.59908
0.59908
0.599084
0.599084
0.599092
0.599094
0.599097
0.599098
0.599098
0.599106
0.599108
0.599567
0.599568
0.599568
0.599568
0.599568
0.599568
0.599568
0.599568
0.599591
0.599592
0.599592
0.599592
0.599592
0.599592
0.599592
0.599592
0.599594
0.599594
0.599594
0.5996
0.5996
0.5996
0.5996
0.5996
0.599601
0.599601
0.599601
0.599601
0.599615
0.599616
0.599617
0.599632
0.599632
0.599632
0.599632
0.599633
0.599639
0.599869
0.599869
0.599869
0.599869
0.599873
0.599873
0.599874
0.599881
0.599881
0.599881
0.599881
0.599881
0.599881
0.599881
0.599881
0.599881
0.599881
0.599881
0.599881
0.599881
0.599891
0.599938
0.599941
0.599945
0.599947
0.599947
0.599947
0.599947
0.599949
0.59995
0.59995
0.59995
0.599962
0.599962
0.599962
0.600033
0.600033
0.600034
0.600034
0.600034
0.600034
0.600039
0.600039
0.6001
0.6001
0.6001
0.6001
0.6001
0.6001
0.6001
0.6001
0.6001
0.6001
0.600101
0.600101
0.600101
0.600102
0.600102
0.600106
0.600106
0.600106
0.600107
0.600107
0.600107
0.600136
0.600136
0.600136
0.600136
0.600139
0.60014
0.600142
0.600143
0.600143
0.600154
0.600166
0.600166
0.600168
0.600168
0.600168
0.600168
0.600168
0.600168
0.600175
0.600178
0.600178
0.600178
0.600178
0.600178
0.600178
0.600178
0.600178
0.600178
0.600178
0.600178
0.600178
0.600178
0.60018
0.60018
0.60018
0.600214
0.600214
0.600214
0.600214
0.600216
0.600216
0.600216
0.600216
0.600218
0.600218
0.600218
0.600218
0.600225
0.600225
0.600225
0.600234
0.600234
0.600235
0.600235
0.600235
0.600236
0.600236
0.600236
0.600236
0.600237
0.600405
0.600406
0.600406
0.600406
0.600406
0.600406
0.600406
0.600574
0.60059
0.60059
0.60059
0.60059
0.60059
0.600597
0.600609
0.600609
0.600609
0.600609
0.600609
0.6