0.017333
0.029487
0.059578
0.073499
0.082776
0.099536
0.099536
0.10914
0.113172
0.113172
0.115382
0.115382
0.12293
0.123058
0.123058
0.124172
0.127612
0.13003
0.13003
0.130627
0.130627
0.131147
0.131147
0.136713
0.136713
0.136713
0.138938
0.139371
0.139371
0.139907
0.140981
0.142853
0.145501
0.146053
0.146414
0.147529
0.14847
0.148898
0.154558
0.155047
0.156393
0.156393
0.16071
0.16221
0.16221
0.164716
0.168886
0.168896
0.168896
0.169371
0.169371
0.170409
0.170409
0.170409
0.171705
0.174231
0.174392
0.178327
0.178639
0.184736
0.186774
0.186774
0.187071
0.187453
0.188103
0.188319
0.188339
0.188412
0.190592
0.192946
0.193272
0.193458
0.193845
0.194156
0.194156
0.194801
0.200718
0.201236
0.201246
0.201354
0.203311
0.203976
0.204044
0.204044
0.204044
0.204366
0.204366
0.205279
0.205279
0.205635
0.205636
0.205636
0.206272
0.206272
0.20801
0.208101
0.208893
0.209045
0.217373
0.217374
0.217374
0.217592
0.217592
0.217592
0.219694
0.219694
0.21971
0.219782
0.219782
0.222815
0.222815
0.223028
0.223102
0.223181
0.223181
0.223353
0.223353
0.227798
0.227801
0.227981
0.22799
0.229182
0.229182
0.229381
0.229381
0.229616
0.229616
0.229652
0.230533
0.230792
0.231183
0.23134
0.231628
0.231628
0.231638
0.231638
0.231839
0.231854
0.231856
0.231856
0.231939
0.231948
0.231957
0.232331
0.233042
0.233042
0.233045
0.233046
0.234815
0.234815
0.234815
0.234833
0.235433
0.235739
0.248624
0.248867
0.249062
0.249062
0.24907
0.249107
0.249211
0.249239
0.249588
0.253918
0.253918
0.254079
0.254279
0.254279
0.254279
0.254279
0.254279
0.254279
0.254279
0.260171
0.260177
0.260177
0.26021
0.260216
0.260235
0.260235
0.260315
0.260359
0.260359
0.260418
0.260418
0.260418
0.260785
0.260785
0.260785
0.260934
0.261168
0.261168
0.261665
0.261715
0.265202
0.265542
0.265542
0.265542
0.265542
0.265606
0.265614
0.265642
0.265642
0.265676
0.265683
0.265683
0.265683
0.265686
0.265709
0.2658
0.265956
0.26596
0.26596
0.266097
0.266124
0.267985
0.268292
0.268299
0.268324
0.268324
0.26989
0.269891
0.271403
0.271403
0.271403
0.271646
0.271666
0.271666
0.271706
0.273228
0.273232
0.273587
0.273597
0.273762
0.273792
0.274385
0.275156
0.275178
0.275178
0.275178
0.275178
0.275352
0.275357
0.275644
0.276086
0.276097
0.276249
0.276251
0.277655
0.277655
0.277675
0.278374
0.280231
0.280637
0.280672
0.280675
0.280736
0.280736
0.280736
0.280776
0.280969
0.281356
0.281426
0.281426
0.281428
0.281428
0.281458
0.281458
0.281458
0.285468
0.285515
0.285531
0.28554
0.28554
0.28554
0.285544
0.287199
0.287256
0.287256
0.287256
0.287445
0.287457
0.287605
0.287608
0.287689
0.287689
0.287705
0.287714
0.287982
0.288245
0.288575
0.288576
0.289256
0.289402
0.289402
0.289566
0.289567
0.289823
0.289837
0.291369
0.291369
0.291388
0.291388
0.291672
0.291677
0.291903
0.293202
0.29548
0.295483
0.295891
0.295891
0.295898
0.295898
0.296007
0.296007
0.296014
0.296024
0.296139
0.296139
0.29656
0.296606
0.296606
0.296639
0.296644
0.296644
0.296644
0.296644
0.296644
0.296672
0.298976
0.298977
0.298978
0.298978
0.299009
0.299092
0.299093
0.299093
0.299094
0.299106
0.299261
0.299261
0.299289
0.299291
0.300601
0.300609
0.300629
0.300629
0.300629
0.300695
0.300698
0.300699
0.300699
0.300699
0.300805
0.301318
0.301401
0.301401
0.301417
0.301997
0.301997
0.302033
0.302033
0.302035
0.302035
0.302047
0.302051
0.302054
0.302054
0.302054
0.30208
0.30208
0.302089
0.302089
0.302091
0.3021
0.30215
0.30215
0.30215
0.3103
0.3103
0.3103
0.310311
0.310311
0.310311
0.310315
0.310316
0.310316
0.310578
0.310653
0.310659
0.310659
0.311978
0.311978
0.312128
0.312128
0.312145
0.312172
0.312186
0.312186
0.312209
0.312209
0.312236
0.312236
0.312308
0.312308
0.312308
0.312308
0.312308
0.312308
0.312308
0.312321
0.313573
0.313573
0.313762
0.313817
0.313817
0.313817
0.313817
0.313893
0.314817
0.314967
0.315381
0.315382
0.315422
0.3155
0.315505
0.315507
0.315507
0.315507
0.315507
0.31687
0.31687
0.31687
0.31703
0.317316
0.318645
0.318712
0.318712
0.318712
0.318712
0.318718
0.31872
0.318735
0.318735
0.318735
0.318735
0.318754
0.318771
0.318771
0.318929
0.319015
0.319015
0.319017
0.319017
0.319074
0.31964
0.319995
0.319995
0.319995
0.319995
0.32001
0.32003
0.320045
0.320045
0.320045
0.320313
0.320328
0.320513
0.32104
0.321067
0.321257
0.321257
0.321257
0.321332
0.32135
0.32135
0.32135
0.32135
0.32135
0.323165
0.323165
0.323165
0.323179
0.323179
0.323758
0.323763
0.323822
0.323824
0.323824
0.323824
0.323824
0.323955
0.324368
0.324369
0.324369
0.324369
0.324382
0.324382
0.324496
0.324496
0.324496
0.324496
0.324511
0.324511
0.324511
0.324511
0.32453
0.32453
0.324539
0.324539
0.324539
0.324764
0.324774
0.324774
0.324778
0.324778
0.324778
0.324794
0.324803
0.324805
0.324831
0.324873
0.325315
0.325316
0.325324
0.325331
0.325386
0.325386
0.325386
0.325386
0.325386
0.325386
0.325391
0.325403
0.325403
0.325404
0.325846
0.325966
0.325966
0.325966
0.326032
0.326033
0.326033
0.326033
0.326033
0.326038
0.3266
0.326615
0.326668
0.326668
0.326668
0.326707
0.326713
0.326737
0.326737
0.326737
0.327013
0.327016
0.327081
0.327224
0.328076
0.328079
0.328079
0.328079
0.328079
0.328104
0.328104
0.328104
0.328159
0.328159
0.328159
0.328202
0.328202
0.328202
0.329053
0.329053
0.329303
0.329303
0.329375
0.329375
0.329375
0.329376
0.329382
0.329404
0.329406
0.329408
0.329408
0.329408
0.329501
0.329514
0.329514
0.329514
0.329524
0.329882
0.329884
0.330085
0.330085
0.330097
0.330104
0.330122
0.330122
0.33016
0.330161
0.330161
0.330165
0.330165
0.330165
0.330165
0.330165
0.330165
0.330165
0.330171
0.330171
0.330171
0.330171
0.330171
0.330171
0.330171
0.330172
0.330172
0.330195
0.330317
0.330317
0.330317
0.330317
0.330317
0.33064
0.33064
0.330663
0.330729
0.330736
0.330856
0.330862
0.330952
0.330952
0.330969
0.331016
0.331016
0.331017
0.331112
0.33242
0.332424
0.332424
0.332546
0.332546
0.332605
0.332608
0.332608
0.332608
0.33261
0.332612
0.332612
0.333382
0.333455
0.333455
0.333455
0.333478
0.333481
0.334049
0.334088
0.33409
0.334112
0.334147
0.336206
0.336206
0.336215
0.336215
0.336215
0.336215
0.33623
0.336244
0.336244
0.336244
0.336244
0.337874
0.337874
0.33823
0.33823
0.33823
0.339316
0.339316
0.339316
0.33933
0.339332
0.339334
0.339393
0.339393
0.339634
0.339697
0.339697
0.339697
0.339757
0.339757
0.339764
0.339778
0.339793
0.339795
0.339797
0.339847
0.339871
0.339945
0.339946
0.340357
0.340357
0.340357
0.340357
0.340359
0.340384
0.340384
0.340518
0.340518
0.340523
0.340523
0.340523
0.340543
0.340543
0.340543
0.340545
0.340545
0.341833
0.341833
0.341833
0.341833
0.341833
0.341833
0.341833
0.341869
0.341873
0.341993
0.342013
0.342054
0.342054
0.342055
0.342057
0.342058
0.342427
0.342427
0.342522
0.342527
0.342543
0.342543
0.342747
0.342747
0.342756
0.342781
0.343568
0.343568
0.343568
0.343763
0.343763
0.343766
0.343801
0.343801
0.343801
0.344134
0.344134
0.344134
0.344134
0.344134
0.344136
0.345943
0.345945
0.345945
0.345945
0.345976
0.346192
0.346193
0.346193
0.346195
0.346195
0.346322
0.346322
0.346326
0.346326
0.346326
0.346336
0.346336
0.346336
0.346339
0.346339
0.346358
0.346366
0.346422
0.346422
0.346422
0.346422
0.346422
0.346501
0.346501
0.346502
0.346524
0.346524
0.346524
0.346524
0.346668
0.346668
0.346668
0.346994
0.346994
0.347025
0.347185
0.347195
0.348051
0.348051
0.348053
0.348053
0.348238
0.348254
0.348283
0.348283
0.348283
0.348552
0.348552
0.348904
0.348904
0.348904
0.348904
0.348931
0.348931
0.348961
0.348961
0.348961
0.349386
0.349394
0.349397
0.349397
0.349413
0.349413
0.349476
0.349476
0.349941
0.349941
0.349947
0.349947
0.349947
0.349948
0.349948
0.349948
0.349948
0.349948
0.349948
0.349948
0.349948
0.349948
0.349953
0.349956
0.349957
0.350029
0.350029
0.350072
0.351515
0.351527
0.351707
0.351833
0.351846
0.351846
0.351945
0.351948
0.351948
0.351949
0.351952
0.351987
0.353292
0.353292
0.353292
0.353292
0.353886
0.353889
0.35392
0.35392
0.35392
0.35392
0.353985
0.353985
0.354
0.354
0.354005
0.354005
0.354005
0.354201
0.354206
0.35422
0.354421
0.354421
0.354422
0.354432
0.355013
0.355013
0.355013
0.355013
0.355134
0.355134
0.355136
0.355141
0.355347
0.35536
0.355362
0.355362
0.355362
0.355365
0.355365
0.355365
0.355385
0.355414
0.355414
0.355417
0.355417
0.355417
0.355426
0.355427
0.355427
0.355427
0.355718
0.355718
0.355718
0.355776
0.35578
0.355782
0.355782
0.355783
0.355797
0.357243
0.35735
0.35735
0.35735
0.35735
0.35735
0.357371
0.357555
0.357555
0.357555
0.357705
0.357723
0.357723
0.357733
0.357733
0.357733
0.357777
0.357777
0.357777
0.358032
0.358034
0.358263
0.358263
0.358263
0.358263
0.358263
0.358263
0.358273
0.358273
0.358275
0.358276
0.358276
0.358276
0.358393
0.358451
0.358451
0.358473
0.358473
0.358473
0.358474
0.358475
0.358476
0.358476
0.358476
0.358476
0.358482
0.358483
0.358483
0.358483
0.358483
0.358485
0.358809
0.358809
0.358809
0.358822
0.358832
0.358832
0.358832
0.358833
0.358833
0.358833
0.358833
0.358837
0.358847
0.358847
0.359314
0.359337
0.359339
0.359352
0.359352
0.359352
0.359352
0.359364
0.359364
0.359371
0.359795
0.359801
0.359804
0.359804
0.359807
0.359807
0.359873
0.359873
0.359873
0.360044
0.360044
0.36006
0.360085
0.360085
0.360101
0.360101
0.360372
0.360385
0.360385
0.360388
0.360388
0.360392
0.36044
0.360454
0.360662
0.360666
0.361689
0.361689
0.361693
0.361693
0.361693
0.361853
0.361853
0.361932
0.361932
0.362098
0.362098
0.362098
0.362098
0.362098
0.362098
0.362139
0.362139
0.362139
0.362139
0.362144
0.362144
0.362144
0.362144
0.362144
0.362144
0.362144
0.362144
0.362144
0.362144
0.362144
0.362144
0.362145
0.362145
0.362151
0.362151
0.362153
0.362153
0.362153
0.362197
0.362197
0.362197
0.362234
0.362234
0.362234
0.362234
0.362251
0.362251
0.362251
0.362295
0.362295
0.362295
0.362308
0.362308
0.362332
0.362332
0.362332
0.362355
0.362364
0.362375
0.363448
0.36345
0.363548
0.363548
0.363548
0.363548
0.363609
0.363609
0.363609
0.363613
0.363613
0.363613
0.363782
0.363782
0.363782
0.363782
0.363793
0.363793
0.36383
0.363835
0.363837
0.363837
0.363837
0.363918
0.363918
0.363919
0.363919
0.363935
0.363935
0.363935
0.363935
0.363937
0.363937
0.363937
0.364039
0.364323
0.364323
0.364323
0.36433
0.36433
0.36433
0.36433
0.36433
0.364358
0.364358
0.36475
0.36475
0.364773
0.365
0.365149
0.365149
0.365194
0.365221
0.365221
0.365221
0.365316
0.365316
0.365316
0.365316
0.365351
0.365352
0.365361
0.365404
0.365404
0.36541
0.366552
0.366552
0.366577
0.366585
0.366771
0.366799
0.366807
0.366807
0.366807
0.366849
0.366916
0.366989
0.366989
0.366996
0.366996
0.367316
0.367317
0.367317
0.367317
0.367317
0.367317
0.367324
0.367324
0.367324
0.367462
0.367462
0.367462
0.367509
0.367668
0.367668
0.367668
0.367668
0.367674
0.3678
0.36781
0.36781
0.367811
0.367812
0.367836
0.367838
0.367838
0.367843
0.367843
0.367879
0.367879
0.367879
0.367921
0.367921
0.367947
0.367947
0.367948
0.367948
0.367948
0.367948
0.368194
0.368194
0.368194
0.368201
0.368201
0.368209
0.36822
0.368584
0.368584
0.368739
0.368739
0.368739
0.368849
0.368849
0.368849
0.368879
0.368879
0.368879
0.369003
0.369003
0.369003
0.369003
0.369003
0.369019
0.36917
0.36917
0.369171
0.369171
0.369171
0.369171
0.369171
0.369303
0.369303
0.369303
0.369303
0.36931
0.36931
0.369475
0.369476
0.369485
0.369492
0.369493
0.369493
0.369493
0.369493
0.369493
0.369493
0.369493
0.369496
0.369496
0.369496
0.3695
0.369575
0.369575
0.369589
0.370389
0.370389
0.370389
0.370389
0.370389
0.370389
0.37039
0.37039
0.37039
0.370394
0.370394
0.370394
0.370402
0.370415
0.370419
0.370419
0.370419
0.370419
0.370419
0.370942
0.370944
0.370944
0.370944
0.371425
0.371425
0.371734
0.371734
0.371734
0.371734
0.371734
0.371747
0.371747
0.371751
0.371751
0.371751
0.371752
0.371752
0.371761
0.371765
0.371765
0.371765
0.371768
0.371768
0.371768
0.371772
0.371772
0.371772
0.371772
0.371772
0.371772
0.371772
0.371803
0.37182
0.37183
0.37183
0.37183
0.371831
0.37189
0.37189
0.37189
0.37189
0.37189
0.371907
0.371917
0.371917
0.371917
0.37193
0.37193
0.371934
0.371934
0.372489
0.372489
0.372493
0.372493
0.372494
0.372518
0.37252
0.372594
0.372616
0.372628
0.372629
0.372879
0.372889
0.372889
0.372904
0.372904
0.372908
0.372908
0.373087
0.373094
0.373094
0.373094
0.3731
0.373119
0.373128
0.373131
0.373131
0.373131
0.373131
0.373208
0.373208
0.373208
0.373208
0.373375
0.373388
0.373403
0.373433
0.373445
0.373499
0.373499
0.376287
0.376835
0.376835
0.376835
0.376837
0.376837
0.376837
0.376838
0.376838
0.376838
0.37684
0.37684
0.37684
0.376847
0.376848
0.376848
0.37687
0.376877
0.376879
0.376879
0.376952
0.376952
0.376952
0.376952
0.378863
0.378863
0.378863
0.378863
0.378863
0.378863
0.378863
0.378863
0.378863
0.378884
0.378895
0.378895
0.378895
0.378928
0.378932
0.378932
0.378932
0.378932
0.378947
0.37895
0.37895
0.37895
0.378955
0.378955
0.37898
0.37898
0.379293
0.379308
0.379308
0.379308
0.379315
0.379315
0.379334
0.379339
0.379339
0.379339
0.379341
0.379341
0.379341
0.379341
0.379341
0.379341
0.379341
0.379341
0.379342
0.379342
0.379342
0.379345
0.379345
0.379346
0.379347
0.379353
0.379353
0.379353
0.379353
0.379353
0.379353
0.379353
0.379353
0.379353
0.379353
0.379363
0.379369
0.37937
0.37937
0.37937
0.379376
0.379376
0.379376
0.379376
0.379377
0.379387
0.379387
0.379423
0.379423
0.379531
0.379532
0.379538
0.379538
0.379866
0.379868
0.379871
0.379947
0.379948
0.379948
0.379948
0.379948
0.379948
0.379948
0.381128
0.381174
0.381174
0.381174
0.381174
0.381219
0.381231
0.381349
0.381349
0.381349
0.381349
0.381354
0.381354
0.381378
0.381378
0.38189
0.38189
0.38189
0.382015
0.382015
0.382015
0.382015
0.382025
0.382025
0.382048
0.382048
0.382048
0.382048
0.382049
0.382049
0.382049
0.382051
0.382052
0.382054
0.382054
0.382054
0.382728
0.382728
0.38273
0.38273
0.382731
0.382731
0.382731
0.382731
0.382731
0.382731
0.382731
0.382731
0.382731
0.382731
0.382879
0.382879
0.382885
0.382885
0.382885
0.382885
0.382885
0.384959
0.384959
0.384964
0.385841
0.385848
0.385875
0.385875
0.385875
0.385875
0.385875
0.385875
0.385877
0.385878
0.385881
0.385881
0.385881
0.385881
0.385881
0.385883
0.385885
0.385907
0.385923
0.385923
0.385927
0.385927
0.385927
0.385927
0.385927
0.385927
0.385927
0.385927
0.386024
0.386025
0.386025
0.386025
0.386039
0.386039
0.386041
0.386041
0.386041
0.386041
0.386096
0.386098
0.386221
0.386333
0.386333
0.386333
0.386825
0.386825
0.386825
0.386825
0.38687
0.386874
0.3869
0.3869
0.386914
0.386916
0.386916
0.38698
0.38698
0.38698
0.387023
0.387023
0.387023
0.387035
0.388988
0.388989
0.388989
0.389126
0.389126
0.389162
0.389396
0.389396
0.389396
0.389396
0.389396
0.389396
0.389396
0.389396
0.389396
0.389402
0.389415
0.389415
0.389415
0.389415
0.389434
0.389434
0.389434
0.38944
0.38944
0.38944
0.389532
0.389532
0.389532
0.389558
0.389558
0.389558
0.389583
0.389585
0.389585
0.389585
0.389585
0.389585
0.389585
0.389585
0.389589
0.389589
0.389589
0.389589
0.389589
0.389719
0.389721
0.389721
0.389721
0.389721
0.389723
0.389723
0.389728
0.389736
0.389736
0.389736
0.389747
0.389747
0.389754
0.389754
0.389754
0.389754
0.389754
0.389754
0.389756
0.391145
0.391145
0.391145
0.391153
0.391153
0.391153
0.391179
0.391179
0.391179
0.391179
0.39118
0.39118
0.391181
0.391186
0.391186
0.391186
0.391186
0.391207
0.391207
0.391207
0.391207
0.391222
0.391222
0.391223
0.391253
0.391267
0.391285
0.391285
0.391286
0.391286
0.39178
0.39178
0.39178
0.39178
0.39178
0.39178
0.391783
0.391783
0.391786
0.391786
0.391786
0.391787
0.391787
0.391787
0.391789
0.391792
0.391792
0.391792
0.391792
0.391857
0.391857
0.391868
0.391868
0.391868
0.391868
0.391868
0.391868
0.391868
0.391868
0.391868
0.391878
0.391878
0.391878
0.391878
0.391878
0.391878
0.391879
0.391879
0.391879
0.391879
0.391879
0.391902
0.391904
0.391904
0.391904
0.391904
0.391904
0.391904
0.391904
0.391904
0.391904
0.391904
0.391915
0.391915
0.391915
0.391997
0.391997
0.39201
0.39201
0.392113
0.392113
0.392113
0.392113
0.392114
0.392137
0.392137
0.392641
0.392641
0.392641
0.392691
0.392691
0.392691
0.392691
0.392698
0.392698
0.392698
0.392698
0.392698
0.392698
0.392698
0.392698
0.392698
0.392698
0.392698
0.392742
0.392742
0.392742
0.392742
0.392748
0.392748
0.392749
0.392749
0.392749
0.392749
0.392749
0.392752
0.392752
0.392752
0.392752
0.392752
0.392752
0.392842
0.392842
0.392842
0.392842
0.392843
0.392843
0.392844
0.392844
0.392844
0.392844
0.392844
0.392947
0.392947
0.393438
0.393438
0.393438
0.393438
0.393439
0.39345
0.39345
0.39345
0.39345
0.393581
0.393581
0.393587
0.393587
0.393832
0.393832
0.393837
0.393837
0.393838
0.393838
0.393838
0.393839
0.393839
0.393839
0.393839
0.393839
0.39384
0.393881
0.393884
0.393884
0.393884
0.393884
0.393886
0.393984
0.394034
0.394034
0.394034
0.394034
0.394042
0.394042
0.394042
0.394042
0.394042
0.394112
0.394954
0.394954
0.394954
0.394954
0.394954
0.394954
0.394961
0.394961
0.394991
0.394991
0.394991
0.394995
0.394995
0.394995
0.394995
0.394995
0.394997
0.394997
0.394997
0.39501
0.39507
0.39507
0.39507
0.395081
0.395081
0.395081
0.395081
0.395081
0.395081
0.395132
0.395132
0.395132
0.395132
0.395132
0.395132
0.396049
0.396052
0.396052
0.396052
0.396052
0.396052
0.396052
0.396052
0.396052
0.396052
0.396052
0.396088
0.396088
0.396088
0.396088
0.396088
0.396092
0.396109
0.396109
0.396109
0.396109
0.396109
0.396109
0.396109
0.3962
0.396201
0.396202
0.396206
0.396206
0.396206
0.396206
0.39622
0.39622
0.39622
0.39622
0.39622
0.39622
0.396249
0.396587
0.396587
0.396591
0.396591
0.396591
0.396591
0.396591
0.396591
0.396591
0.396591
0.396591
0.396594
0.396602
0.396602
0.396664
0.396665
0.396872
0.396873
0.39706
0.39706
0.397089
0.3971
0.3971
0.397114
0.397114
0.397114
0.397114
0.397114
0.397114
0.397119
0.397139
0.397144
0.397144
0.397144
0.397146
0.39716
0.39716
0.39716
0.39716
0.39716
0.397303
0.397311
0.397311
0.397311
0.397311
0.397311
0.397326
0.397854
0.397931
0.397931
0.397935
0.397935
0.397935
0.398042
0.398042
0.398063
0.398063
0.398064
0.398064
0.398064
0.398064
0.398064
0.398064
0.398064
0.398094
0.398097
0.398144
0.39818
0.398184
0.398184
0.398184
0.398184
0.398184
0.398184
0.398184
0.398184
0.398207
0.398207
0.398212
0.398212
0.398212
0.398212
0.398212
0.398212
0.398212
0.398212
0.398212
0.398212
0.398214
0.398214
0.398255
0.398255
0.398255
0.398258
0.398258
0.398258
0.398373
0.398375
0.398376
0.398377
0.398377
0.398384
0.398384
0.398384
0.398523
0.398523
0.398523
0.398523
0.398523
0.398524
0.398524
0.398524
0.398578
0.398633
0.398633
0.398633
0.398633
0.398633
0.398638
0.398638
0.398638
0.398638
0.398638
0.398638
0.39869
0.398691
0.398691
0.398691
0.398691
0.398691
0.398691
0.3988
0.3988
0.3988
0.3988
0.398802
0.398811
0.398825
0.398837
0.398837
0.398883
0.401412
0.401412
0.401412
0.401412
0.401455
0.401456
0.401456
0.401456
0.401456
0.401468
0.401468
0.401513
0.401513
0.401513
0.4016
0.4016
0.4016
0.4016
0.401601
0.401611
0.401611
0.401611
0.401611
0.401611
0.401611
0.401629
0.401636
0.401636
0.401803
0.401803
0.401803
0.401803
0.401803
0.401803
0.401804
0.401804
0.401897
0.401897
0.401904
0.40195
0.40195
0.402926
0.402926
0.402926
0.402939
0.402939
0.402957
0.402957
0.402957
0.402957
0.402968
0.402968
0.402968
0.402968
0.402968
0.402968
0.402968
0.402969
0.402981
0.402981
0.402982
0.402982
0.402982
0.402982
0.402982
0.402982
0.402982
0.402982
0.402982
0.402983
0.402983
0.402983
0.402985
0.402985
0.403055
0.403055
0.403151
0.403155
0.403155
0.403155
0.403155
0.403155
0.403155
0.403158
0.403176
0.403176
0.403176
0.403176
0.403176
0.403176
0.403179
0.403179
0.403179
0.40318
0.40318
0.40318
0.40318
0.40318
0.40318
0.40318
0.40318
0.403187
0.40326
0.403273
0.403273
0.403273
0.403273
0.403273
0.403397
0.403397
0.403541
0.403541
0.403541
0.403541
0.403541
0.404195
0.404195
0.404313
0.404315
0.404315
0.404316
0.404316
0.404318
0.404318
0.404318
0.404318
0.404318
0.404319
0.404319
0.404337
0.404337
0.404337
0.404337
0.404337
0.404337
0.40434
0.404744
0.404744
0.404787
0.404787
0.404787
0.404787
0.404788
0.404792
0.404792
0.404793
0.404793
0.404793
0.404793
0.404793
0.404793
0.404793
0.404793
0.409585
0.409585
0.409585
0.409585
0.409585
0.409585
0.409585
0.409585
0.409585
0.409585
0.409585
0.409585
0.409636
0.409636
0.409643
0.409643
0.409643
0.409643
0.409643
0.409679
0.409679
0.409679
0.409707
0.409707
0.410377
0.410377
0.410377
0.410377
0.410377
0.410458
0.410458
0.410458
0.410458
0.410458
0.410458
0.410458
0.410458
0.410458
0.410469
0.410469
0.410551
0.410551
0.410551
0.410567
0.410577
0.410577
0.410577
0.410577
0.410577
0.410579
0.410579
0.41058
0.41058
0.41058
0.41058
0.41058
0.410601
0.410601
0.410601
0.410602
0.410602
0.410602
0.410602
0.410602
0.410602
0.410606
0.410606
0.410606
0.410607
0.410607
0.410607
0.410607
0.410607
0.41061
0.41061
0.410612
0.410617
0.410641
0.410641
0.410641
0.410641
0.410641
0.410641
0.410641
0.410641
0.410641
0.410641
0.410641
0.410641
0.410641
0.410641
0.410641
0.410646
0.410646
0.410657
0.410657
0.410668
0.410669
0.41067
0.41067
0.410672
0.410672
0.410672
0.410672
0.410672
0.410677
0.410677
0.410677
0.410677
0.410677
0.410677
0.410677
0.410677
0.410677
0.410677
0.410678
0.41068
0.41068
0.41068
0.410713
0.410713
0.410785
0.410785
0.410801
0.410801
0.410801
0.410801
0.410801
0.410801
0.410801
0.410896
0.410897
0.410897
0.410897
0.410929
0.410929
0.410929
0.410929
0.410929
0.411118
0.411118
0.411118
0.411118
0.411137
0.411151
0.411152
0.411152
0.411152
0.411152
0.411152
0.411152
0.411152
0.411155
0.411159
0.411159
0.411159
0.411164
0.411168
0.411168
0.411168
0.411168
0.411183
0.41119
0.411391
0.411485
0.411485
0.411486
0.411487
0.411487
0.411498
0.411498
0.411498
0.411501
0.41175
0.41175
0.41175
0.41175
0.41175
0.41175
0.41175
0.41175
0.41175
0.41175
0.41175
0.41175
0.41175
0.41175
0.411779
0.411779
0.411779
0.41178
0.411894
0.411894
0.411895
0.411895
0.411897
0.411902
0.412103
0.412103
0.412103
0.412103
0.412103
0.412103
0.412103
0.412103
0.412103
0.412103
0.412123
0.412123
0.412123
0.412124
0.412124
0.412124
0.412124
0.412136
0.412136
0.412136
0.412136
0.412142
0.412142
0.412144
0.412144
0.412145
0.41219
0.41219
0.41219
0.41219
0.41219
0.41219
0.4122
0.412214
0.412214
0.412214
0.412225
0.412225
0.412225
0.412225
0.412284
0.412284
0.412284
0.412285
0.412293
0.412311
0.412311
0.412313
0.412313
0.412313
0.412313
0.412315
0.4125
0.4125
0.4125
0.4125
0.4125
0.412502
0.412502
0.412506
0.412516
0.412516
0.412516
0.412516
0.412516
0.412516
0.412516
0.412516
0.412516
0.412519
0.412519
0.412519
0.41252
0.41252
0.41252
0.412521
0.412521
0.412521
0.41253
0.41253
0.41253
0.412767
0.412767
0.412767
0.412767
0.412767
0.412767
0.412767
0.41277
0.41277
0.41277
0.41277
0.41277
0.41277
0.41277
0.41277
0.412772
0.412772
0.412772
0.412772
0.412772
0.412772
0.41281
0.41281
0.41281
0.413503
0.413503
0.413503
0.413503
0.413503
0.413922
0.413924
0.413924
0.413924
0.413924
0.413924
0.413924
0.413924
0.413924
0.413926
0.413926
0.413926
0.413926
0.413926
0.413928
0.413949
0.413952
0.413952
0.413952
0.413952
0.413952
0.413953
0.413953
0.413953
0.413953
0.413955
0.413955
0.413955
0.413955
0.413955
0.413964
0.41397
0.41397
0.41397
0.414174
0.414174
0.414174
0.414174
0.414174
0.414176
0.414176
0.414176
0.414176
0.414176
0.414176
0.414176
0.414178
0.414182
0.414182
0.414182
0.414188
0.414188
0.414188
0.414188
0.414728
0.414728
0.414728
0.414728
0.414728
0.414731
0.414731
0.41478
0.41478
0.41478
0.41478
0.41478
0.41478
0.41478
0.41478
0.41478
0.41478
0.41478
0.41478
0.41478
0.41478
0.41478
0.41478
0.41478
0.41478
0.41478
0.41478
0.41478
0.41478
0.414785
0.414785
0.414785
0.414785
0.414785
0.414785
0.414785
0.414785
0.414785
0.414785
0.414785
0.414785
0.414785
0.414789
0.41479
0.41479
0.414791
0.414827
0.414827
0.414837
0.414837
0.414837
0.414837
0.414837
0.415176
0.415176
0.416112
0.416112
0.416112
0.416112
0.416112
0.416112
0.416113
0.416113
0.416113
0.416326
0.416327
0.416546
0.416546
0.416546
0.416546
0.416546
0.416546
0.416551
0.416551
0.416551
0.416551
0.416551
0.416551
0.416551
0.416557
0.416557
0.416557
0.416557
0.416557
0.416557
0.416557
0.416558
0.416558
0.416558
0.416558
0.416558
0.416558
0.416558
0.416558
0.416567
0.416567
0.416567
0.416575
0.416618
0.416618
0.416618
0.416618
0.416618
0.416618
0.416618
0.416618
0.416618
0.416618
0.416618
0.416639
0.416639
0.416639
0.416639
0.416643
0.416643
0.416643
0.416643
0.416643
0.416643
0.416643
0.416643
0.417198
0.417198
0.417198
0.417198
0.417198
0.417198
0.417209
0.417209
0.417614
0.417614
0.417614
0.417614
0.417614
0.417614
0.417625
0.417625
0.417625
0.417625
0.417625
0.417625
0.417625
0.417625
0.417625
0.417635
0.417635
0.417635
0.417635
0.417657
0.417657
0.417683
0.417683
0.417683
0.417683
0.417683
0.417683
0.417683
0.42234
0.422346
0.422347
0.422348
0.422348
0.422348
0.422349
0.422349
0.422349
0.422349
0.422349
0.422349
0.422349
0.422369
0.422384
0.422384
0.422384
0.422384
0.422384
0.422384
0.422528
0.422528
0.422528
0.422549
0.422549
0.422549
0.422549
0.422549
0.422549
0.422549
0.422553
0.422681
0.422689
0.422728
0.422728
0.422729
0.422729
0.422729
0.422729
0.42273
0.422732
0.422732
0.422732
0.422732
0.422732
0.422733
0.422733
0.422733
0.422733
0.422734
0.422734
0.422734
0.422735
0.422735
0.422735
0.422735
0.422735
0.422736
0.422736
0.422864
0.422865
0.422865
0.422865
0.422865
0.422865
0.422866
0.422866
0.422866
0.42289
0.422891
0.422891
0.422891
0.422891
0.422891
0.422899
0.422899
0.423489
0.423492
0.423492
0.423493
0.423493
0.423493
0.423493
0.423493
0.423493
0.423493
0.423493
0.423494
0.423494
0.423494
0.423494
0.423494
0.423494
0.423531
0.423531
0.423531
0.423531
0.423531
0.423531
0.423531
0.423531
0.423531
0.423531
0.423531
0.423574
0.423574
0.423574
0.423574
0.423574
0.42361
0.423801
0.423803
0.423803
0.423803
0.42381
0.42381
0.42381
0.42381
0.42381
0.42381
0.423821
0.423821
0.423821
0.423821
0.423822
0.423824
0.425105
0.425105
0.425175
0.425175
0.425175
0.425175
0.425175
0.425175
0.425175
0.425193
0.425193
0.425193
0.425193
0.425196
0.425196
0.425196
0.425199
0.425199
0.425199
0.425199
0.425199
0.425306
0.425306
0.425306
0.425306
0.425306
0.425306
0.425424
0.425424
0.42543
0.425446
0.425446
0.425446
0.425446
0.425447
0.425518
0.425518
0.425529
0.425597
0.425597
0.425597
0.425606
0.425606
0.425606
0.425606
0.425606
0.425606
0.425606
0.425608
0.42561
0.42561
0.425611
0.425611
0.425615
0.425615
0.425615
0.425615
0.425627
0.425627
0.426084
0.426084
0.426084
0.426084
0.426084
0.426087
0.426087
0.426087
0.426095
0.426095
0.426095
0.426096
0.426096
0.426097
0.426099
0.427461
0.427461
0.427524
0.427524
0.427524
0.427652
0.427652
0.427657
0.427666
0.427666
0.427666
0.427666
0.427671
0.427671
0.427675
0.427675
0.427676
0.427676
0.427676
0.427676
0.427748
0.427748
0.427748
0.427818
0.427818
0.427819
0.427819
0.427819
0.42782
0.42783
0.42783
0.427831
0.427831
0.427831
0.427831
0.427831
0.427832
0.427832
0.427832
0.427832
0.427832
0.428349
0.428349
0.428349
0.428349
0.42835
0.42835
0.42835
0.428351
0.428351
0.428351
0.428361
0.42839
0.428391
0.428391
0.428391
0.428536
0.428536
0.428536
0.428536
0.428536
0.428536
0.428536
0.428536
0.42854
0.42854
0.42854
0.42854
0.428544
0.428544
0.428544
0.428544
0.428544
0.4291
0.4291
0.4291
0.429101
0.429134
0.429134
0.429142
0.429142
0.429144
0.429144
0.429144
0.429144
0.429144
0.429219
0.429219
0.429223
0.429223
0.429223
0.429223
0.429249
0.429385
0.429386
0.429489
0.429489
0.429494
0.429494
0.429494
0.429494
0.429494
0.429494
0.429494
0.429495
0.429496
0.429496
0.429496
0.429496
0.429496
0.429496
0.429497
0.429497
0.429497
0.429497
0.429497
0.429497
0.429512
0.429512
0.429519
0.429527
0.42974
0.42974
0.42974
0.42974
0.42974
0.42974
0.42974
0.429993
0.429994
0.429994
0.429994
0.429994
0.429994
0.429994
0.429995
0.429995
0.429995
0.430039
0.430039
0.430039
0.430048
0.430048
0.430048
0.430048
0.430048
0.430048
0.430048
0.430048
0.430048
0.430048
0.430048
0.430049
0.430049
0.430049
0.430049
0.430051
0.430051
0.430051
0.430051
0.430051
0.430051
0.430051
0.430051
0.430051
0.430051
0.430051
0.430054
0.430206
0.430206
0.430206
0.430206
0.430206
0.430208
0.430255
0.430255
0.430255
0.430315
0.430315
0.430338
0.430341
0.430341
0.430341
0.430341
0.432006
0.43224
0.43224
0.43224
0.43224
0.43224
0.43224
0.432273
0.432273
0.435729
0.435729
0.435729
0.435729
0.435732
0.435732
0.435732
0.435732
0.435732
0.435732
0.436508
0.436508
0.436508
0.436516
0.436535
0.436535
0.436535
0.436536
0.43654
0.43654
0.43654
0.43654
0.43654
0.43654
0.436555
0.436555
0.436555
0.436555
0.436555
0.436713
0.436713
0.436713
0.43674
0.43674
0.436822
0.436824
0.436824
0.436824
0.441014
0.441014
0.441014
0.441017
0.441017
0.441017
0.441017
0.441017
0.441034
0.441051
0.441051
0.441051
0.441075
0.441076
0.441078
0.441078
0.441101
0.441169
0.441169
0.441169
0.441169
0.441169
0.44117
0.44117
0.44117
0.44117
0.441172
0.441172
0.441172
0.441177
0.441177
0.441203
0.441203
0.441523
0.44155
0.44155
0.44155
0.441559
0.441561
0.441561
0.441635
0.441683
0.441683
0.441683
0.441683
0.441683
0.441704
0.441704
0.441704
0.441704
0.441704
0.442825
0.442825
0.442844
0.443109
0.443109
0.44311
0.445451
0.445475
0.445487
0.445487
0.445488
0.445488
0.445488
0.445488
0.445506
0.445506
0.445572
0.445572
0.445572
0.445572
0.447262
0.447262
0.447262
0.447262
0.447262
0.447269
0.447269
0.447269
0.447275
0.447277
0.447277
0.447279
0.447279
0.447279
0.447279
0.447279
0.447279
0.447279
0.447279
0.447281
0.447281
0.447287
0.447287
0.447303
0.447303
0.447303
0.447303
0.447303
0.447304
0.447316
0.447319
0.447319
0.447319
0.447319
0.447319
0.44732
0.44732
0.447338
0.447338
0.447367
0.447367
0.447367
0.447367
0.447367
0.447367
0.447368
0.447368
0.447368
0.447368
0.447368
0.447393
0.447393
0.449114
0.449114
0.449114
0.449114
0.449114
0.449114
0.449116
0.449134
0.449134
0.449135
0.449135
0.449135
0.449135
0.449135
0.449135
0.449286
0.449288
0.449297
0.449298
0.449303
0.449304
0.449311
0.449311
0.449319
0.449319
0.449325
0.449325
0.449364
0.449372
0.449372
0.449378
0.449378
0.449378
0.44938
0.44938
0.44938
0.449416
0.449417
0.449636
0.449859
0.449859
0.449876
0.449879
0.44988
0.44988
0.449897
0.449897
0.449897
0.449897
0.450094
0.450094
0.450143
0.450163
0.450163
0.450164
0.450165
0.450204
0.450206
0.450206
0.450206
0.450208
0.450384
0.450388
0.450388
0.450392
0.450392
0.450394
0.450394
0.450394
0.450394
0.450394
0.450394
0.450395
0.450529
0.450544
0.450555
0.450555
0.450689
0.450689
0.450817
0.450817
0.450841
0.450841
0.450854
0.450857
0.451004
0.451004
0.451004
0.451012
0.451013
0.45102
0.452263
0.452314
0.452418
0.452418
0.452459
0.452459
0.452459
0.452459
0.452459
0.452463
0.452896
0.452925
0.452942
0.452952
0.452952
0.452952
0.452955
0.452956
0.452956
0.452957
0.452995
0.452995
0.452997
0.453038
0.453065
0.453068
0.453095
0.4532
0.4532
0.4532
0.454061
0.454061
0.454081
0.454156
0.454156
0.454156
0.454156
0.454156
0.454161
0.454161
0.454164
0.454176
0.45419
0.454524
0.454525
0.454525
0.454552
0.454552
0.454552
0.454554
0.454554
0.454554
0.454556
0.454556
0.454556
0.454558
0.454558
0.454573
0.454685
0.45502
0.45502
0.45502
0.45502
0.45502
0.45502
0.45503
0.45503
0.455064
0.455065
0.455065
0.455065
0.455072
0.455074
0.455074
0.455074
0.455088
0.455088
0.455088
0.455089
0.455094
0.455519
0.455519
0.455634
0.455634
0.455645
0.455654
0.455654
0.455656
0.455656
0.455657
0.455709
0.455709
0.45571
0.45571
0.455869
0.455873
0.455926
0.455929
0.455929
0.455931
0.455931
0.455932
0.455966
0.455967
0.45599
0.456045
0.456099
0.456099
0.456316
0.456316
0.456317
0.456317
0.456318
0.456319
0.456371
0.456371
0.45642
0.45642
0.45642
0.456424
0.456489
0.456489
0.45649
0.45649
0.45656
0.456593
0.456604
0.457098
0.457099
0.457099
0.457099
0.457099
0.457099
0.457099
0.457099
0.457099
0.457102
0.45726
0.45726
0.45726
0.45732
0.457337
0.457337
0.457337
0.457337
0.457347
0.457347
0.457347
0.457347
0.457383
0.457385
0.457387
0.457886
0.457886
0.457945
0.457952
0.457952
0.457962
0.458035
0.458744
0.458744
0.458744
0.458744
0.458746
0.458749
0.458751
0.458752
0.458752
0.458753
0.458756
0.458756
0.458756
0.458891
0.459184
0.459364
0.459375
0.459376
0.459376
0.459376
0.459706
0.459706
0.459766
0.459766
0.459768
0.459776
0.459776
0.459776
0.459781
0.459781
0.459787
0.459804
0.459806
0.460819
0.460857
0.46094
0.46094
0.461136
0.461138
0.461138
0.46114
0.461159
0.461159
0.461162
0.461162
0.461162
0.461162
0.461176
0.461176
0.461177
0.461179
0.461179
0.461208
0.461208
0.461208
0.461208
0.461208
0.461208
0.46121
0.46121
0.46121
0.46121
0.46121
0.461727
0.461754
0.461805
0.461805
0.461805
0.461805
0.461832
0.461834
0.461834
0.461835
0.461835
0.461835
0.461857
0.461858
0.461858
0.461858
0.461865
0.461913
0.461913
0.461922
0.461922
0.461922
0.461922
0.461922
0.462096
0.462096
0.462096
0.462101
0.462101
0.462102
0.462102
0.462102
0.462104
0.462104
0.462105
0.462105
0.466025
0.466036
0.46604
0.46604
0.466146
0.466146
0.466146
0.466146
0.466146
0.466146
0.46618
0.46618
0.46618
0.46618
0.46618
0.46618
0.466295
0.466327
0.466328
0.466328
0.466337
0.466365
0.466365
0.466365
0.466375
0.466375
0.466375
0.466375
0.466375
0.466383
0.466383
0.466389
0.466389
0.466389
0.466391
0.466392
0.466392
0.466392
0.466394
0.466417
0.466417
0.466417
0.466418
0.466418
0.467073
0.467073
0.467209
0.467555
0.467556
0.467556
0.467556
0.467642
0.467644
0.467644
0.467644
0.467644
0.467644
0.467644
0.467644
0.467644
0.467644
0.467686
0.467686
0.467686
0.467696
0.467712
0.467712
0.467712
0.467712
0.467718
0.467718
0.467718
0.467718
0.467719
0.467836
0.467836
0.467836
0.467836
0.467836
0.467836
0.467836
0.467836
0.467836
0.467837
0.468014
0.468014
0.468014
0.468014
0.468014
0.468014
0.468014
0.468093
0.468098
0.468098
0.468098
0.468098
0.468098
0.468098
0.468183
0.468183
0.468183
0.468183
0.468183
0.468183
0.468183
0.468222
0.468308
0.468308
0.468308
0.468866
0.468866
0.468868
0.46887
0.46887
0.46887
0.46887
0.46887
0.46887
0.46887
0.468983
0.468983
0.468983
0.468987
0.468987
0.46899
0.46899
0.46899
0.46902
0.46902
0.469024
0.469024
0.469024
0.469024
0.469024
0.469025
0.469025
0.469037
0.469037
0.469037
0.469117
0.469117
0.469117
0.469117
0.469117
0.469117
0.469117
0.469244
0.469246
0.469249
0.469249
0.469249
0.469257
0.469257
0.469966
0.469966
0.470096
0.470096
0.470096
0.470157
0.470157
0.470157
0.470176
0.470176
0.470274
0.470274
0.470659
0.470659
0.470721
0.470721
0.470721
0.470722
0.470722
0.470722
0.470722
0.470722
0.470722
0.470722
0.470777
0.470777
0.470777
0.470777
0.470777
0.470778
0.470778
0.47078
0.47078
0.47078
0.470861
0.470932
0.470932
0.470932
0.470932
0.471183
0.471403
0.471404
0.471404
0.471434
0.471434
0.471434
0.471434
0.471434
0.471537
0.471537
0.471563
0.471567
0.471567
0.471567
0.471567
0.471567
0.471582
0.471582
0.471582
0.471582
0.471582
0.471582
0.471582
0.471588
0.471588
0.471588
0.471588
0.471608
0.47161
0.47161
0.471613
0.471613
0.471613
0.471613
0.471764
0.471783
0.471783
0.471783
0.471791
0.471794
0.471798
0.471998
0.472
0.472013
0.472099
0.472105
0.472105
0.472107
0.472107
0.472107
0.472107
0.472107
0.472107
0.472171
0.472178
0.472178
0.472178
0.47218
0.47218
0.47218
0.474391
0.475162
0.475162
0.475206
0.475457
0.475457
0.475457
0.475458
0.475479
0.475539
0.475539
0.47554
0.47554
0.475647
0.475685
0.475711
0.475749
0.4758
0.4758
0.475801
0.475804
0.475808
0.475808
0.475903
0.475906
0.475908
0.476148
0.476148
0.476154
0.476158
0.476185
0.476213
0.476213
0.476213
0.476214
0.476214
0.476217
0.476273
0.476278
0.476278
0.476278
0.476278
0.476278
0.476278
0.476295
0.476297
0.476304
0.476421
0.476467
0.476488
0.476503
0.476644
0.476644
0.476644
0.47665
0.47665
0.47668
0.47668
0.476692
0.476692
0.476692
0.476692
0.476713
0.476713
0.476848
0.476848
0.476848
0.476848
0.476878
0.476878
0.476886
0.476951
0.477276
0.477276
0.477276
0.477276
0.47728
0.477392
0.477392
0.477392
0.477392
0.477392
0.47783
0.477853
0.477853
0.477853
0.477906
0.477907
0.477909
0.477909
0.477913
0.477913
0.477932
0.478157
0.478157
0.478157
0.478157
0.478157
0.478157
0.478157
0.478157
0.478157
0.478157
0.478157
0.478172
0.478172
0.478172
0.478177
0.478199
0.478199
0.478316
0.478323
0.478323
0.478324
0.478324
0.478324
0.478327
0.478327
0.478327
0.478327
0.478328
0.478328
0.478328
0.478328
0.478328
0.478353
0.478353
0.478362
0.478362
0.478649
0.478649
0.478712
0.478712
0.478712
0.478712
0.478712
0.478841
0.478843
0.478844
0.478844
0.478844
0.478844
0.478857
0.478857
0.478857
0.478857
0.478857
0.47886
0.478862
0.478866
0.478921
0.478926
0.478926
0.478931
0.478931
0.479042
0.479042
0.479042
0.479042
0.479044
0.479044
0.479044
0.479048
0.479056
0.479056
0.479056
0.479056
0.479056
0.479056
0.479056
0.479056
0.479056
0.479068
0.479068
0.479072
0.479072
0.479091
0.479092
0.479092
0.479093
0.479132
0.479132
0.479154
0.479154
0.479154
0.479154
0.479154
0.479154
0.479154
0.479154
0.479158
0.479159
0.479159
0.479159
0.479159
0.479159
0.47916
0.479391
0.479393
0.479393
0.479393
0.479396
0.479396
0.479396
0.479401
0.479408
0.479412
0.479466
0.479497
0.479497
0.479694
0.479761
0.479761
0.479761
0.479761
0.479996
0.480003
0.480004
0.480004
0.480148
0.480148
0.480148
0.480149
0.480149
0.480149
0.480771
0.480795
0.480795
0.481449
0.481449
0.481449
0.481449
0.481492
0.481495
0.481495
0.481495
0.481497
0.481755
0.481755
0.481755
0.481756
0.481756
0.481756
0.481757
0.481757
0.481757
0.481757
0.481784
0.481891
0.481891
0.481891
0.481891
0.481891
0.481891
0.481891
0.481891
0.481912
0.481912
0.481912
0.481912
0.481912
0.481914
0.481914
0.481914
0.481914
0.481914
0.481927
0.481928
0.481928
0.48193
0.48193
0.48193
0.48193
0.481938
0.481938
0.481938
0.481938
0.481946
0.481952
0.481952
0.481952
0.481952
0.481952
0.481958
0.481958
0.481958
0.481958
0.481958
0.481968
0.481968
0.481969
0.481969
0.482538
0.482538
0.482538
0.482578
0.482578
0.482578
0.482578
0.482578
0.482603
0.482603
0.482603
0.482669
0.483225
0.483225
0.483237
0.483237
0.483237
0.483293
0.483293
0.483293
0.483296
0.483296
0.483296
0.483298
0.483299
0.483299
0.483299
0.483299
0.483301
0.483301
0.483301
0.483301
0.483303
0.483303
0.483303
0.483303
0.483303
0.483303
0.483303
0.483303
0.483303
0.483303
0.483303
0.483303
0.483309
0.483309
0.48331
0.48331
0.48331
0.48331
0.483312
0.483312
0.483502
0.483753
0.483753
0.483772
0.483772
0.483799
0.483799
0.483799
0.483799
0.483799
0.483799
0.4838
0.4838
0.483805
0.483805
0.483805
0.483812
0.483826
0.483826
0.483826
0.484193
0.484193
0.484323
0.484323
0.484325
0.484325
0.484325
0.484325
0.484325
0.484325
0.484769
0.484769
0.484769
0.484769
0.485013
0.485013
0.485639
0.485639
0.485691
0.485717
0.485717
0.485717
0.48576
0.48576
0.48576
0.485763
0.485797
0.485797
0.485797
0.485797
0.485797
0.485797
0.485797
0.485797
0.485797
0.485797
0.485797
0.486522
0.486522
0.486522
0.486522
0.486522
0.486522
0.486522
0.486522
0.486522
0.486563
0.486563
0.486563
0.486563
0.486563
0.486563
0.486571
0.486571
0.486571
0.486571
0.486571
0.48658
0.486718
0.48694
0.48694
0.486941
0.486941
0.486941
0.486979
0.486979
0.486979
0.486979
0.486979
0.486979
0.48698
0.48698
0.48698
0.48698
0.486989
0.487007
0.487007
0.487007
0.487007
0.487007
0.487008
0.48701
0.48701
0.48701
0.48701
0.48701
0.487129
0.487129
0.48734
0.48734
0.48734
0.487368
0.487596
0.487596
0.487596
0.487596
0.487596
0.487596
0.487596
0.487596
0.487596
0.487596
0.487596
0.487603
0.487603
0.487665
0.487744
0.487744
0.487749
0.487749
0.487749
0.487749
0.487749
0.487749
0.487749
0.487749
0.487822
0.487822
0.487822
0.487874
0.487874
0.487874
0.489036
0.489047
0.489047
0.489165
0.489165
0.489165
0.489165
0.489165
0.489166
0.489166
0.489166
0.489166
0.48917
0.489171
0.489171
0.489173
0.48918
0.48918
0.489184
0.489184
0.489939
0.489943
0.489943
0.490105
0.490105
0.490105
0.490105
0.49016
0.49016
0.490336
0.490336
0.49036
0.490379
0.490379
0.490379
0.490381
0.490381
0.491904
0.491904
0.491924
0.491924
0.491991
0.492298
0.4923
0.492407
0.492451
0.492628
0.492641
0.492641
0.492641
0.492663
0.492663
0.492664
0.492664
0.492664
0.492666
0.492774
0.49279
0.493307
0.493307
0.493307
0.493367
0.493561
0.493561
0.493561
0.49365
0.493654
0.493678
0.493678
0.493678
0.493678
0.493678
0.493678
0.493744
0.493744
0.493744
0.493744
0.493744
0.493785
0.493785
0.493786
0.493907
0.493907
0.493907
0.493907
0.493907
0.493907
0.493907
0.493907
0.493907
0.493935
0.493935
0.493935
0.493942
0.493971
0.493971
0.493972
0.493972
0.493975
0.493975
0.493975
0.493987
0.493987
0.493987
0.494048
0.494049
0.494049
0.494592
0.494592
0.494592
0.494599
0.494622
0.494622
0.494622
0.494629
0.494629
0.494935
0.494939
0.494939
0.494939
0.494946
0.494948
0.494948
0.494948
0.494948
0.494948
0.494949
0.494949
0.495044
0.495125
0.495125
0.49529
0.49529
0.49529
0.49529
0.495324
0.495337
0.495337
0.495337
0.495337
0.495352
0.495352
0.495355
0.495355
0.495363
0.495524
0.495531
0.495542
0.495616
0.495633
0.495635
0.495704
0.495704
0.496544
0.496546
0.496546
0.496546
0.496546
0.496553
0.496556
0.496556
0.496561
0.496567
0.496567
0.496567
0.496581
0.496598
0.496605
0.496606
0.496623
0.496822
0.496822
0.496865
0.496865
0.496865
0.496865
0.496865
0.496868
0.496868
0.496869
0.496869
0.496869
0.496869
0.497312
0.497524
0.497524
0.497527
0.497527
0.497539
0.497539
0.497588
0.497588
0.497618
0.497618
0.497618
0.497618
0.497619
0.497619
0.497619
0.49779
0.49779
0.49779
0.49779
0.497815
0.497815
0.497888
0.497888
0.497891
0.497891
0.497901
0.498052
0.498052
0.498052
0.498074
0.498102
0.498102
0.498102
0.498102
0.498102
0.498128
0.498128
0.49815
0.49815
0.49815
0.498154
0.498154
0.49816
0.49816
0.49816
0.49816
0.49816
0.49816
0.498336
0.498336
0.498428
0.498429
0.49843
0.498432
0.498432
0.498444
0.498462
0.498462
0.498479
0.498505
0.498511
0.498512
0.498512
0.498512
0.498512
0.498512
0.498512
0.498512
0.498512
0.49877
0.49877
0.49877
0.498839
0.498839
0.498844
0.498864
0.498875
0.498944
0.498944
0.498945
0.498945
0.498962
0.498962
0.498962
0.498962
0.498962
0.498962
0.498962
0.498962
0.498962
0.49917
0.499179
0.499179
0.499182
0.499183
0.499183
0.499183
0.499183
0.499183
0.49921
0.499216
0.499254
0.499254
0.499325
0.499325
0.499325
0.499345
0.499345
0.499345
0.499345
0.499345
0.499345
0.499539
0.49954
0.49954
0.49954
0.499618
0.499618
0.499635
0.499661
0.499661
0.499721
0.499721
0.499726
0.499728
0.499729
0.499742
0.499777
0.499778
0.499778
0.499783
0.499795
0.499795
0.499795
0.49997
0.499982
0.500052
0.500284
0.500594
0.500699
0.500705
0.500708
0.500714
0.500726
0.500727
0.50073
0.500738
0.50074
0.50074
0.50074
0.500765
0.500765
0.500779
0.501155
0.501155
0.501158
0.501158
0.50116
0.501162
0.501162
0.501194
0.501194
0.501218
0.501222
0.501256
0.50127
0.50127
0.50127
0.50127
0.50127
0.50127
0.50127
0.50127
0.50127
0.501283
0.501283
0.501283
0.501283
0.501333
0.501333
0.501333
0.501334
0.501334
0.501347
0.501347
0.501359
0.501359
0.501359
0.501374
0.502159
0.502162
0.50224
0.502246
0.502246
0.502251
0.502251
0.502251
0.502252
0.502252
0.502277
0.502279
0.502279
0.502419
0.50242
0.50242
0.50242
0.502447
0.502447
0.502473
0.502473
0.502474
0.502504
0.502526
0.503092
0.503092
0.503092
0.503092
0.5031
0.503101
0.503102
0.503102
0.503102
0.503102
0.503163
0.503167
0.503167
0.50317
0.503172
0.503172
0.503172
0.503172
0.503172
0.503172
0.503172
0.503182
0.503289
0.503289
0.503289
0.50329
0.50329
0.503293
0.503339
0.503344
0.503508
0.503514
0.503601
0.503601
0.503603
0.503606
0.504226
0.504226
0.504227
0.504227
0.504228
0.504228
0.504259
0.504259
0.504259
0.504259
0.504259
0.504261
0.504261
0.504261
0.504261
0.504621
0.504621
0.504621
0.505648
0.505654
0.505654
0.505654
0.505654
0.505654
0.505654
0.505657
0.505659
0.505669
0.505669
0.505704
0.505704
0.505704
0.505707
0.505707
0.505725
0.505725
0.505725
0.505726
0.505829
0.505829
0.505865
0.506036
0.506058
0.506087
0.506087
0.506087
0.50609
0.506091
0.506091
0.506091
0.5061
0.5061
0.5061
0.506363
0.506364
0.506364
0.506365
0.506368
0.50637
0.506378
0.506388
0.506388
0.506388
0.506473
0.506486
0.506486
0.506486
0.506486
0.506487
0.506487
0.506487
0.506501
0.506502
0.50656
0.50656
0.50656
0.506594
0.506614
0.506614
0.506614
0.506668
0.506668
0.507139
0.507139
0.507139
0.507139
0.507139
0.507139
0.507141
0.507627
0.50766
0.507979
0.507981
0.507981
0.507986
0.507986
0.507986
0.507986
0.508187
0.508187
0.508187
0.508187
0.50819
0.50819
0.50819
0.508193
0.508193
0.50889
0.50889
0.509147
0.509169
0.509183
0.509183
0.509183
0.509183
0.509183
0.509191
0.509192
0.509193
0.509193
0.509193
0.509207
0.509207
0.509207
0.509375
0.509375
0.509376
0.50938
0.509465
0.5095
0.5095
0.5095
0.5095
0.509514
0.509515
0.509535
0.509535
0.509535
0.509535
0.509539
0.509539
0.509539
0.509539
0.509539
0.510006
0.510006
0.510006
0.510006
0.510006
0.510006
0.510008
0.510008
0.510021
0.510021
0.510022
0.510022
0.510022
0.510022
0.510023
0.510023
0.510023
0.510023
0.510069
0.510156
0.510156
0.510158
0.510158
0.510159
0.510159
0.510159
0.510217
0.510222
0.510225
0.51025
0.51025
0.51025
0.51025
0.510273
0.510273
0.510276
0.510276
0.510276
0.510277
0.510277
0.510289
0.510319
0.510319
0.510674
0.510674
0.510692
0.51211
0.51211
0.512111
0.512112
0.512113
0.512113
0.512113
0.512113
0.512113
0.512302
0.512302
0.512302
0.512302
0.512303
0.512303
0.512303
0.512303
0.512303
0.512303
0.512307
0.512307
0.512307
0.512307
0.512307
0.51231
0.512312
0.512312
0.512312
0.512313
0.512313
0.512316
0.512316
0.512316
0.512316
0.512316
0.512316
0.512316
0.512316
0.512317
0.512317
0.512317
0.512317
0.512317
0.512317
0.512317
0.512317
0.512317
0.512317
0.512672
0.512867
0.512867
0.512868
0.512868
0.512868
0.512868
0.512868
0.512868
0.512868
0.512868
0.512868
0.512868
0.512868
0.512868
0.512868
0.512869
0.512869
0.512873
0.512873
0.512874
0.512874
0.512874
0.512874
0.512874
0.512874
0.512874
0.512874
0.512914
0.512914
0.512921
0.512957
0.512957
0.512957
0.512957
0.512957
0.512962
0.512962
0.512962
0.512962
0.512962
0.512962
0.512962
0.512962
0.512985
0.51316
0.51316
0.51316
0.51316
0.513161
0.513163
0.513163
0.513163
0.513163
0.513163
0.513166
0.513166
0.513179
0.513187
0.513187
0.513187
0.513187
0.513341
0.513341
0.513341
0.513356
0.513358
0.513358
0.513358
0.513358
0.513409
0.513409
0.513409
0.513409
0.513409
0.513462
0.513462
0.513463
0.513665
0.513667
0.513667
0.513667
0.513667
0.513667
0.513667
0.513668
0.513668
0.513668
0.513668
0.513668
0.513668
0.513668
0.513668
0.513668
0.513668
0.513688
0.513688
0.513688
0.513755
0.513755
0.513758
0.513764
0.513764
0.513768
0.513768
0.513768
0.513768
0.513768
0.513768
0.513768
0.513768
0.513768
0.513768
0.513768
0.513768
0.51378
0.51378
0.51378
0.513787
0.513864
0.513864
0.513864
0.513868
0.513868
0.513869
0.513869
0.513874
0.513874
0.513874
0.513878
0.51388
0.51388
0.513956
0.513966
0.514124
0.514124
0.514124
0.514126
0.514126
0.514126
0.514137
0.514141
0.514141
0.514141
0.514148
0.514148
0.514166
0.51417
0.51417
0.51417
0.515229
0.515232
0.515232
0.515235
0.515235
0.515235
0.515235
0.515235
0.515235
0.515235
0.515235
0.515428
0.515428
0.515428
0.515428
0.51543
0.51543
0.51543
0.51543
0.51543
0.51543
0.51543
0.51543
0.51543
0.51543
0.51543
0.51553
0.51553
0.51553
0.51553
0.51553
0.51553
0.515537
0.515537
0.515537
0.515537
0.515562
0.51558
0.51558
0.51558
0.515581
0.515643
0.515643
0.515643
0.515661
0.515686
0.515697
0.515697
0.516454
0.516517
0.516519
0.51655
0.51655
0.51655
0.51655
0.51655
0.51655
0.516562
0.516567
0.516574
0.516574
0.516574
0.516574
0.51658
0.516588
0.516607
0.516607
0.516729
0.516733
0.516817
0.516829
0.516829
0.516852
0.51686
0.516862
0.516869
0.517011
0.517021
0.517022
0.517038
0.517038
0.517038
0.517067
0.517071
0.517106
0.517107
0.517109
0.517116
0.517116
0.517121
0.51715
0.51715
0.51715
0.51715
0.51715
0.517153
0.517735
0.517754
0.517754
0.517754
0.517754
0.517779
0.517799
0.517799
0.517806
0.517808
0.517909
0.517909
0.517909
0.51791
0.51791
0.517944
0.517944
0.518137
0.518147
0.518147
0.518147
0.518243
0.518243
0.518978
0.518978
0.518978
0.518978
0.518989
0.518989
0.523032
0.523078
0.52308
0.523089
0.52309
0.52313
0.52313
0.52313
0.52313
0.523138
0.523141
0.523143
0.523143
0.523146
0.523159
0.523277
0.523277
0.523297
0.523311
0.523311
0.523311
0.523311
0.523311
0.523311
0.523326
0.523326
0.523329
0.523341
0.523342
0.523342
0.523347
0.523363
0.523363
0.52338
0.52338
0.52338
0.52338
0.523396
0.523398
0.523547
0.523556
0.523556
0.523558
0.523558
0.523558
0.523558
0.523558
0.523558
0.52362
0.523643
0.523643
0.523643
0.523683
0.523683
0.523685
0.523689
0.523726
0.523738
0.523744
0.523744
0.524603
0.52504
0.525041
0.52508
0.525258
0.525327
0.525327
0.525327
0.525329
0.52534
0.525342
0.525346
0.525348
0.525349
0.525349
0.52536
0.52536
0.52536
0.525441
0.525449
0.525457
0.525457
0.525457
0.525496
0.525496
0.525504
0.525505
0.525507
0.525513
0.525513
0.525515
0.52552
0.52552
0.525521
0.525521
0.525522
0.525682
0.525682
0.525691
0.525691
0.525692
0.525692
0.525697
0.5257
0.5257
0.525706
0.525953
0.525973
0.525974
0.525976
0.526035
0.526035
0.526047
0.526048
0.526048
0.526048
0.52613
0.526131
0.526151
0.527114
0.527114
0.527127
0.527138
0.527138
0.527138
0.52727
0.52731
0.527314
0.527339
0.527388
0.527388
0.527396
0.527466
0.527493
0.527537
0.527551
0.527551
0.527551
0.527552
0.527552
0.527552
0.527554
0.527555
0.527577
0.527577
0.527577
0.527577
0.527577
0.527594
0.527627
0.527627
0.527627
0.527628
0.52763
0.527631
0.527635
0.527646
0.527875
0.527929
0.527948
0.528008
0.528008
0.528008
0.52801
0.528011
0.528013
0.528013
0.528119
0.528137
0.528139
0.528139
0.52814
0.528171
0.528183
0.52824
0.52824
0.52824
0.528247
0.528321
0.528344
0.528346
0.528346
0.529454
0.529455
0.529455
0.531444
0.531444
0.531915
0.53202
0.532358
0.532358
0.532358
0.532358
0.532428
0.532428
0.532428
0.532433
0.532433
0.532692
0.532692
0.532692
0.532692
0.53283
0.532859
0.532861
0.532861
0.532882
0.532882
0.532882
0.532882
0.532998
0.533
0.533
0.533023
0.533024
0.533024
0.533031
0.533045
0.53325
0.53325
0.533261
0.533393
0.533464
0.533465
0.533498
0.533498
0.533515
0.533537
0.533542
0.533542
0.533542
0.533542
0.533542
0.533893
0.533898
0.533937
0.533938
0.534169
0.534185
0.534204
0.534204
0.534208
0.53429
0.534305
0.53431
0.534313
0.534316
0.534331
0.534346
0.534379
0.534379
0.534447
0.534448
0.53474
0.534742
0.534748
0.534749
0.534758
0.535374
0.535374
0.535394
0.535394
0.535398
0.535421
0.535553
0.535553
0.535553
0.535554
0.535555
0.535755
0.535765
0.535765
0.535767
0.535926
0.535926
0.535927
0.535927
0.535936
0.535937
0.535945
0.535968
0.535968
0.535968
0.535982
0.535982
0.535982
0.535987
0.535987
0.535987
0.535999
0.536038
0.536041
0.536042
0.536048
0.536049
0.53608
0.536087
0.536087
0.536282
0.536282
0.536283
0.536285
0.536638
0.536638
0.536657
0.536663
0.536911
0.536912
0.536918
0.536918
0.536941
0.537024
0.537042
0.537044
0.537044
0.537045
0.537055
0.53706
0.537084
0.537088
0.537088
0.537091
0.537141
0.537142
0.537142
0.537439
0.537462
0.537462
0.537463
0.537465
0.539211
0.539227
0.539261
0.539265
0.539265
0.539268
0.539269
0.539296
0.539305
0.539318
0.539489
0.53949
0.539574
0.539581
0.539583
0.539905
0.539906
0.539911
0.539911
0.539979
0.53998
0.539991
0.539999
0.540063
0.540063
0.540063
0.540071
0.540155
0.540157
0.540157
0.540161
0.540191
0.540191
0.540305
0.540317
0.540319
0.540319
0.540337
0.54036
0.54036
0.540371
0.541135
0.541135
0.541136
0.541136
0.541137
0.541162
0.541213
0.541214
0.541246
0.541249
0.541249
0.541259
0.541265
0.541265
0.541265
0.541265
0.541283
0.541401
0.541401
0.541401
0.541401
0.541449
0.541451
0.541451
0.541451
0.541451
0.54147
0.54147
0.541477
0.541477
0.541477
0.541621
0.541621
0.541621
0.541637
0.541864
0.541865
0.541865
0.541867
0.541867
0.541872
0.541894
0.541901
0.541901
0.541901
0.543736
0.543866
0.543934
0.543979
0.543981
0.543982
0.543982
0.544082
0.544313
0.544314
0.54496
0.54496
0.544962
0.544963
0.544963
0.544977
0.544977
0.545029
0.545029
0.545029
0.545051
0.545087
0.545087
0.545231
0.545231
0.545801
0.545801
0.545804
0.545833
0.545942
0.546093
0.546163
0.546501
0.546501
0.546617
0.546617
0.54662
0.546631
0.546631
0.546638
0.546639
0.546675
0.546675
0.546675
0.546737
0.546737
0.546737
0.546981
0.54711
0.547188
0.547205
0.547206
0.547206
0.547235
0.547283
0.547283
0.547283
0.547318
0.547318
0.547331
0.54735
0.547364
0.547365
0.547386
0.547386
0.547388
0.547388
0.547388
0.547388
0.547391
0.547391
0.547391
0.547391
0.547884
0.548079
0.548082
0.548095
0.548101
0.548105
0.548105
0.548121
0.548121
0.548141
0.548141
0.548142
0.548145
0.548145
0.548145
0.548456
0.548485
0.548518
0.54857
0.548583
0.548599
0.548599
0.548599
0.5486
0.548974
0.549012
0.549012
0.549013
0.549045
0.549054
0.54906
0.549063
0.549068
0.549068
0.549068
0.549068
0.549074
0.549074
0.549143
0.549281
0.549299
0.549313
0.549382
0.549385
0.549389
0.549413
0.549419
0.54945
0.54945
0.54945
0.54945
0.54979
0.549843
0.549844
0.549896
0.549925
0.549925
0.550052
0.550052
0.550053
0.55006
0.550091
0.550091
0.550091
0.550091
0.550092
0.550092
0.550094
0.550094
0.550097
0.5501
0.550101
0.550102
0.550102
0.550169
0.550171
0.550172
0.550178
0.550178
0.550824
0.550826
0.550843
0.55086
0.550864
0.550864
0.550868
0.550868
0.550869
0.550869
0.550905
0.550905
0.550905
0.550907
0.550914
0.550915
0.55102
0.551024
0.551024
0.551028
0.551057
0.551059
0.551072
0.551082
0.551082
0.551149
0.551149
0.551149
0.551149
0.552893
0.552893
0.552963
0.552964
0.552964
0.552964
0.552996
0.552999
0.552999
0.553011
0.553011
0.55302
0.55302
0.553023
0.553024
0.553024
0.553024
0.553082
0.553082
0.553082
0.553082
0.553977
0.553977
0.553977
0.553977
0.553977
0.553977
0.553982
0.553982
0.553984
0.553984
0.553984
0.553984
0.553984
0.553984
0.553985
0.553985
0.553985
0.553993
0.55401
0.554887
0.554887
0.554888
0.554893
0.554893
0.554893
0.554961
0.554961
0.554962
0.554962
0.554965
0.554967
0.554968
0.554968
0.554972
0.554972
0.554976
0.554983
0.554986
0.555027
0.555027
0.555035
0.555044
0.555096
0.555098
0.55511
0.555118
0.555142
0.555143
0.555143
0.555146
0.555146
0.555146
0.555146
0.555146
0.555159
0.555296
0.555297
0.555339
0.555339
0.555339
0.555359
0.555555
0.555555
0.555565
0.555565
0.555566
0.555572
0.555572
0.555573
0.555596
0.555596
0.5556
0.555603
0.555649
0.555649
0.555649
0.555649
0.555649
0.555655
0.555655
0.555659
0.555673
0.555679
0.555699
0.555718
0.555718
0.555813
0.555814
0.555814
0.555814
0.55583
0.555832
0.555833
0.555996
0.556002
0.556002
0.556002
0.556016
0.556016
0.556016
0.556016
0.556058
0.556058
0.556064
0.556064
0.556064
0.556064
0.556064
0.556239
0.556239
0.556243
0.556243
0.55625
0.556367
0.556367
0.556367
0.556369
0.556569
0.556637
0.556683
0.556702
0.556702
0.556732
0.556764
0.556791
0.556791
0.556813
0.556815
0.557264
0.557264
0.557269
0.558012
0.558067
0.558067
0.558067
0.55829
0.55829
0.558898
0.558898
0.5589
0.5589
0.558934
0.558934
0.558937
0.559107
0.559107
0.559218
0.559218
0.559363
0.559365
0.559367
0.559367
0.559367
0.559453
0.559489
0.559492
0.559504
0.559504
0.559506
0.559771
0.559973
0.560085
0.560108
0.560108
0.560111
0.560196
0.560196
0.560196
0.560196
0.560196
0.560196
0.560265
0.561356
0.561383
0.561384
0.561515
0.561522
0.561522
0.561538
0.561985
0.56205
0.56205
0.562056
0.562081
0.562117
0.562125
0.562125
0.562139
0.562187
0.562276
0.562284
0.562297
0.562505
0.562656
0.562658
0.562664
0.562664
0.56292
0.562926
0.563098
0.5631
0.5631
0.5631
0.563108
0.563116
0.563117
0.563123
0.563124
0.563124
0.563154
0.563154
0.563194
0.563202
0.563249
0.563264
0.56327
0.56327
0.563275
0.563275
0.563275
0.563289
0.563289
0.563289
0.563289
0.563289
0.563467
0.563502
0.563502
0.563502
0.563793
0.563794
0.563795
0.563795
0.563795
0.563795
0.563796
0.563796
0.563826
0.563826
0.563827
0.563889
0.563893
0.56391
0.56391
0.56391
0.563914
0.563916
0.563916
0.563922
0.563922
0.563925
0.563925
0.563925
0.563925
0.563945
0.563945
0.563945
0.564581
0.564581
0.564581
0.564581
0.564581
0.564731
0.564829
0.564829
0.564829
0.564833
0.564833
0.564833
0.564833
0.565028
0.56505
0.56505
0.565051
0.565051
0.565051
0.565143
0.565143
0.565143
0.565144
0.565259
0.565262
0.565381
0.565381
0.565387
0.565392
0.565392
0.565414
0.565415
0.565415
0.565417
0.565417
0.565421
0.565428
0.565436
0.565447
0.565447
0.565448
0.565448
0.565448
0.565841
0.565967
0.56597
0.566136
0.566151
0.566154
0.566167
0.566172
0.566172
0.566174
0.566195
0.566199
0.566205
0.566205
0.566208
0.566253
0.566259
0.56634
0.56634
0.566347
0.566347
0.566348
0.566361
0.566362
0.566362
0.566362
0.566362
0.566364
0.566374
0.566387
0.566388
0.566402
0.566402
0.566468
0.566578
0.566597
0.566632
0.566638
0.566638
0.566639
0.566648
0.566685
0.566685
0.566685
0.566685
0.566685
0.566686
0.566718
0.566768
0.566771
0.566773
0.566779
0.566842
0.566843
0.566846
0.566879
0.56688
0.56688
0.56688
0.567436
0.567705
0.567709
0.56771
0.567715
0.567718
0.567731
0.567741
0.567741
0.567748
0.567748
0.567748
0.567748
0.567994
0.568009
0.568203
0.568203
0.568256
0.568259
0.568259
0.568259
0.568259
0.568259
0.568259
0.569054
0.569056
0.569057
0.569081
0.569081
0.569081
0.569113
0.569117
0.56912
0.56912
0.56912
0.56912
0.56913
0.569131
0.569131
0.569134
0.569384
0.569442
0.569442
0.569449
0.569449
0.569449
0.56945
0.56945
0.56945
0.57119
0.571293
0.572021
0.572021
0.572021
0.572031
0.572032
0.572036
0.572099
0.572099
0.572106
0.572115
0.572126
0.572126
0.572138
0.572139
0.572154
0.572154
0.572155
0.572155
0.572155
0.572207
0.572217
0.572228
0.572229
0.572229
0.572231
0.572234
0.572234
0.572234
0.572236
0.572236
0.57225
0.572251
0.572269
0.572269
0.572274
0.572278
0.57228
0.572289
0.57229
0.572297
0.572297
0.572317
0.572317
0.572317
0.57232
0.572321
0.572548
0.57255
0.572563
0.572644
0.572645
0.572664
0.57268
0.57268
0.57268
0.572684
0.572684
0.572684
0.572686
0.572686
0.572694
0.572694
0.572695
0.572706
0.572706
0.572734
0.572734
0.572751
0.572762
0.572775
0.572775
0.572775
0.572776
0.572857
0.572859
0.572919
0.572954
0.572955
0.572958
0.572967
0.572971
0.573215
0.573737
0.573737
0.57374
0.573745
0.57375
0.57375
0.57375
0.57375
0.57375
0.57375
0.573756
0.573758
0.573793
0.573794
0.573799
0.573799
0.573799
0.5738
0.573803
0.573803
0.573803
0.573907
0.573907
0.573929
0.573952
0.573952
0.573958
0.573962
0.573962
0.573986
0.573986
0.573986
0.573987
0.573987
0.574013
0.574018
0.574048
0.574055
0.574055
0.574069
0.574105
0.574105
0.574105
0.574264
0.574264
0.574381
0.574389
0.574394
0.574394
0.574395
0.574395
0.57488
0.57488
0.574902
0.574905
0.574905
0.574947
0.57495
0.574959
0.574971
0.574995
0.575104
0.575108
0.575108
0.575109
0.575472
0.575472
0.575472
0.575472
0.575472
0.575473
0.575483
0.575483
0.575488
0.575496
0.575522
0.575522
0.575532
0.575532
0.575537
0.575537
0.575537
0.575568
0.575568
0.57565
0.575661
0.575704
0.575706
0.575721
0.575725
0.575725
0.576123
0.576123
0.576123
0.576123
0.576132
0.576132
0.576132
0.576147
0.576148
0.576148
0.576152
0.576153
0.576263
0.576502
0.576502
0.576502
0.576502
0.576676
0.576676
0.576676
0.576727
0.576727
0.576753
0.576753
0.576753
0.576754
0.576754
0.576851
0.577304
0.577306
0.577306
0.577306
0.577306
0.577307
0.577307
0.577313
0.577343
0.577343
0.577366
0.577366
0.577388
0.577514
0.577517
0.577517
0.577517
0.577519
0.577524
0.577529
0.577538
0.577539
0.57757
0.577584
0.577594
0.577594
0.577601
0.577602
0.577603
0.577604
0.577604
0.577608
0.57761
0.57761
0.577611
0.577632
0.577632
0.577632
0.577633
0.577638
0.577638
0.577638
0.57764
0.57769
0.577691
0.577691
0.577691
0.577691
0.577691
0.577702
0.577722
0.577732
0.577732
0.577732
0.577732
0.577872
0.577872
0.577872
0.577872
0.577888
0.577888
0.577891
0.577974
0.577974
0.577974
0.577974
0.577974
0.577974
0.577974
0.577976
0.577978
0.577978
0.577978
0.577978
0.577978
0.577978
0.577996
0.577996
0.577996
0.577996
0.577996
0.577999
0.577999
0.577999
0.577999
0.577999
0.578004
0.578032
0.578051
0.578051
0.578051
0.578051
0.578051
0.578052
0.57806
0.57807
0.57807
0.57807
0.57807
0.57807
0.57807
0.57807
0.578071
0.578071
0.578071
0.578075
0.578075
0.578075
0.578075
0.578075
0.578075
0.578075
0.578082
0.578082
0.578088
0.578092
0.578092
0.578092
0.578092
0.578092
0.578096
0.578097
0.578099
0.578099
0.578099
0.578099
0.578099
0.578099
0.578099
0.578101
0.578101
0.578101
0.578348
0.578348
0.578364
0.578364
0.578364
0.578364
0.578364
0.578364
0.578365
0.578461
0.578461
0.578461
0.578461
0.578461
0.578461
0.578461
0.578461
0.578461
0.578461
0.578462
0.578462
0.578474
0.578474
0.578474
0.578474
0.578474
0.578474
0.578474
0.578476
0.578476
0.578476
0.578476
0.578476
0.578476
0.578481
0.578481
0.578481
0.578481
0.578492
0.578492
0.578492
0.578492
0.578492
0.578492
0.578492
0.578492
0.578492
0.578492
0.578492
0.578492
0.578492
0.578492
0.578492
0.578492
0.578569
0.578569
0.578569
0.578569
0.578569
0.578569
0.578569
0.578569
0.578569
0.578593
0.578593
0.578593
0.578593
0.578593
0.578593
0.578679
0.578679
0.578679
0.578679
0.578679
0.578679
0.578679
0.578679
0.579381
0.579407
0.579408
0.579408
0.579408
0.579408
0.57953
0.57953
0.57953
0.579531
0.579531
0.579534
0.579534
0.579534
0.579534
0.579724
0.579724
0.579724
0.579724
0.579742
0.579742
0.579742
0.579742
0.579768
0.579768
0.579768
0.579768
0.579768
0.579768
0.579768
0.579768
0.579768
0.579768
0.579771
0.580441
0.580441
0.580441
0.580441
0.580441
0.580442
0.580444
0.580445
0.580447
0.580447
0.580447
0.580447
0.580447
0.580447
0.580447
0.580472
0.580472
0.58054
0.58054
0.580559
0.580559
0.580559
0.581457
0.581464
0.581572
0.581572
0.581572
0.581572
0.581572
0.581572
0.58159
0.581591
0.581591
0.581591
0.581985
0.581985
0.581994
0.581994
0.581994
0.581994
0.581996
0.581996
0.582021
0.582021
0.582021
0.582021
0.582021
0.582021
0.582057
0.582057
0.582057
0.582058
0.582105
0.582106
0.582106
0.582106
0.582106
0.582115
0.582151
0.582151
0.582166
0.582166
0.582166
0.582166
0.582166
0.582166
0.582177
0.582177
0.582177
0.582177
0.582177
0.582192
0.582198
0.582198
0.582198
0.582198
0.582224
0.582224
0.582224
0.582224
0.582224
0.582224
0.582769
0.582769
0.582769
0.582769
0.582769
0.582769
0.582769
0.5828
0.582819
0.582821
0.582821
0.582821
0.582822
0.582822
0.582825
0.582825
0.582859
0.583003
0.583003
0.583003
0.583008
0.583009
0.583009
0.583009
0.58301
0.58301
0.58301
0.58301
0.583012
0.583012
0.583317
0.583818
0.583845
0.583847
0.583847
0.583851
0.583853
0.583968
0.58399
0.583991
0.583991
0.584038
0.584038
0.584046
0.584046
0.584048
0.584147
0.584147
0.584147
0.584147
0.584149
0.584149
0.58415
0.58415
0.58415
0.58415
0.584179
0.584179
0.584184
0.584184
0.584184
0.584185
0.584185
0.584191
0.584191
0.584192
0.584196
0.584203
0.584203
0.584205
0.584205
0.584205
0.584205
0.584205
0.584205
0.584205
0.584205
0.584205
0.584242
0.584242
0.584304
0.584304
0.584304
0.584335
0.584337
0.584337
0.58436
0.58436
0.58436
0.584404
0.584404
0.584591
0.58462
0.58462
0.58462
0.58462
0.58462
0.58462
0.58462
0.58462
0.58462
0.58462
0.584636
0.584642
0.584642
0.584643
0.584643
0.584644
0.584655
0.584655
0.584676
0.584676
0.58476
0.58476
0.58476
0.584761
0.584761
0.584761
0.584768
0.584768
0.584768
0.584768
0.584768
0.584768
0.584768
0.584769
0.584772
0.584867
0.584941
0.584941
0.584941
0.584944
0.584944
0.584944
0.584945
0.584952
0.584952
0.584952
0.584952
0.584954
0.584954
0.584954
0.584956
0.584956
0.585039
0.58504
0.58504
0.58504
0.58504
0.58504
0.58504
0.58506
0.58506
0.58506
0.58506
0.585061
0.585068
0.585074
0.585074
0.585074
0.585074
0.585074
0.585074
0.585074
0.585074
0.585074
0.585074
0.585074
0.585074
0.585074
0.585074
0.585074
0.585168
0.585168
0.585181
0.585181
0.585181
0.585186
0.585186
0.585197
0.585243
0.585297
0.58531
0.585311
0.585319
0.585319
0.585319
0.585319
0.585319
0.585319
0.585325
0.585325
0.585325
0.585443
0.585443
0.58561
0.58561
0.58561
0.58561
0.585612
0.585612
0.585612
0.585612
0.585618
0.585618
0.585618
0.585618
0.585619
0.585635
0.585635
0.585635
0.585637
0.585637
0.585637
0.585637
0.585637
0.585641
0.585641
0.585641
0.585641
0.585693
0.585698
0.585698
0.585698
0.585698
0.585701
0.585729
0.585732
0.585735
0.585735
0.585735
0.585735
0.585737
0.585738
0.585762
0.585778
0.585779
0.585779
0.585779
0.585799
0.585806
0.585806
0.585808
0.585808
0.585808
0.585811
0.585811
0.585811
0.585812
0.585813
0.585813
0.585813
0.585814
0.585816
0.585816
0.58582
0.58582
0.58582
0.58582
0.58582
0.58582
0.58582
0.58582
0.58582
0.58582
0.58582
0.58582
0.58582
0.58582
0.58582
0.58582
0.58582
0.58582
0.585826
0.585826
0.587378
0.587378
0.58738
0.587436
0.587436
0.58744
0.58744
0.58745
0.58745
0.58745
0.587454
0.587455
0.587455
0.587458
0.587458
0.587458
0.587458
0.587663
0.587688
0.587696
0.587696
0.587703
0.587703
0.587704
0.58771
0.58771
0.58771
0.587723
0.587725
0.587725
0.587725
0.587725
0.587725
0.587725
0.587729
0.587729
0.587729
0.587729
0.587731
0.587731
0.58775
0.587803
0.587803
0.587803
0.587803
0.587803
0.588376
0.588376
0.588376
0.588376
0.588376
0.588379
0.588415
0.588415
0.588415
0.588415
0.588415
0.588417
0.588417
0.588417
0.588417
0.588417
0.588417
0.588417
0.588417
0.588429
0.588429
0.588454
0.588454
0.588454
0.588492
0.588492
0.588637
0.588637
0.588637
0.588637
0.588639
0.588639
0.588639
0.588639
0.588639
0.588642
0.588642
0.588642
0.588642
0.588642
0.588642
0.588643
0.588643
0.588664
0.588674
0.588676
0.588676
0.588684
0.588684
0.588686
0.588686
0.588808
0.588818
0.588822
0.588822
0.588827
0.588827
0.588827
0.588827
0.588843
0.588843
0.588843
0.588843
0.588843
0.588843
0.588843
0.588843
0.588915
0.588915
0.588915
0.588926
0.588926
0.588926
0.588926
0.588926
0.588928
0.588928
0.588935
0.588935
0.588941
0.588941
0.588941
0.58895
0.58895
0.588951
0.588951
0.588951
0.588957
0.588957
0.588969
0.588969
0.588972
0.588972
0.588972
0.588972
0.588972
0.588972
0.588972
0.588972
0.588972
0.588972
0.588973
0.589029
0.589034
0.589034
0.589066
0.589066
0.589073
0.5891
0.589187
0.5892
0.5892
0.589265
0.589272
0.589272
0.589274
0.589274
0.589274
0.589274
0.589274
0.589274
0.589274
0.589274
0.589274
0.589274
0.589294
0.589294
0.589295
0.589295
0.589295
0.589295
0.589296
0.589296
0.589326
0.589431
0.589431
0.589431
0.589434
0.589436
0.589436
0.589436
0.589436
0.589436
0.589436
0.589438
0.589438
0.589438
0.58944
0.58944
0.58944
0.589441
0.589441
0.589441
0.589442
0.589456
0.589503
0.589513
0.589513
0.589515
0.589515
0.589515
0.589516
0.589518
0.589522
0.589526
0.589541
0.589541
0.589541
0.589981
0.589982
0.589983
0.589983
0.589983
0.589991
0.589991
0.589991
0.589991
0.589991
0.589991
0.589991
0.589991
0.589991
0.589993
0.589995
0.589995
0.589995
0.589996
0.589996
0.590022
0.590024
0.590024
0.590026
0.590026
0.590201
0.590201
0.590201
0.590201
0.590254
0.590254
0.590254
0.590407
0.590407
0.590407
0.590407
0.590407
0.590407
0.59041
0.59041
0.590416
0.590421
0.590421
0.590421
0.590421
0.590421
0.590421
0.590421
0.590424
0.590426
0.590426
0.590426
0.590432
0.590433
0.590441
0.590441
0.590443
0.590443
0.590443
0.590443
0.590443
0.590443
0.590445
0.590445
0.590445
0.590445
0.590446
0.590446
0.590463
0.590463
0.590463
0.590463
0.590464
0.590464
0.590522
0.590522
0.590722
0.590722
0.590722
0.590722
0.590722
0.590722
0.590722
0.590722
0.590722
0.590722
0.590722
0.590722
0.590722
0.590725
0.590725
0.590725
0.590725
0.590725
0.590725
0.590739
0.590739
0.590739
0.59074
0.590745
0.590745
0.590745
0.590745
0.590763
0.590774
0.590774
0.590774
0.590774
0.590774
0.590774
0.590774
0.590774
0.590774
0.59079
0.590827
0.590827
0.591064
0.591064
0.591064
0.591064
0.591064
0.591065
0.591065
0.591065
0.591065
0.591065
0.591065
0.591067
0.591067
0.591067
0.591067
0.591067
0.591078
0.591115
0.591115
0.591395
0.591395
0.591398
0.591398
0.591398
0.591398
0.591398
0.591412
0.591412
0.591412
0.591412
0.591412
0.591413
0.591413
0.591413
0.591413
0.591413
0.591413
0.591413
0.591413
0.591413
0.591413
0.591413
0.591413
0.591413
0.591413
0.591413
0.592002
0.592004
0.592008
0.592009
0.592009
0.592009
0.592009
0.592009
0.59201
0.592011
0.592011
0.592013
0.592013
0.592013
0.592013
0.592013
0.59212
0.59212
0.59212
0.59212
0.592155
0.592155
0.592158
0.592196
0.592201
0.592201
0.592201
0.592201
0.592201
0.592254
0.592254
0.592254
0.592254
0.592254
0.592254
0.592254
0.592254
0.592254
0.592254
0.592255
0.592255
0.592255
0.592255
0.592255
0.592377
0.592391
0.592391
0.592391
0.592391
0.592391
0.592391
0.592391
0.592391
0.592391
0.592391
0.592391
0.592391
0.592391
0.592391
0.592391
0.5924
0.5924
0.592402
0.592402
0.592402
0.59241
0.59242
0.592437
0.593512
0.593566
0.593566
0.593567
0.593567
0.594072
0.594073
0.594073
0.594073
0.594073
0.594073
0.594073
0.594075
0.594077
0.594077
0.594101
0.594101
0.594101
0.594107
0.594346
0.594346
0.594348
0.594348
0.594348
0.594348
0.594348
0.594399
0.594399
0.594399
0.594399
0.594399
0.594402
0.594402
0.594402
0.594402
0.59442
0.594429
0.594434
0.594434
0.594434
0.594434
0.594479
0.594738
0.594738
0.594738
0.594738
0.594738
0.594738
0.594738
0.594739
0.594739
0.594739
0.594739
0.594798
0.594812
0.594812
0.594812
0.594812
0.594812
0.594812
0.594812
0.594812
0.594812
0.59502
0.59502
0.59502
0.59502
0.595022
0.595027
0.595027
0.595027
0.595027
0.595027
0.595027
0.595031
0.595032
0.595034
0.595034
0.595034
0.595034
0.595034
0.595034
0.595034
0.595034
0.595037
0.595037
0.595252
0.595252
0.595253
0.595253
0.595253
0.595253
0.595253
0.595253
0.595253
0.595253
0.595253
0.595253
0.595253
0.595253
0.595253
0.595253
0.595368
0.595368
0.595368
0.595368
0.59545
0.59545
0.59545
0.59545
0.595452
0.595453
0.595453
0.595453
0.595453
0.595453
0.595453
0.595455
0.595508
0.595508
0.595508
0.59553
0.595535
0.595536
0.595536
0.595551
0.595551
0.595551
0.595581
0.595582
0.595588
0.595588
0.595671
0.595677
0.595677
0.595678
0.595711
0.595715
0.595746
0.595746
0.595747
0.595747
0.595822
0.595826
0.595829
0.595829
0.595829
0.595834
0.596009
0.59601
0.596014
0.596015
0.596071
0.596074
0.596076
0.596092
0.596174
0.596195
0.596226
0.596226
0.596226
0.596226
0.596231
0.596238
0.596238
0.596238
0.596238
0.596239
0.59625
0.59625
0.596251
0.596251
0.596251
0.596251
0.596256
0.596256
0.596256
0.596257
0.596258
0.596299
0.596318
0.596318
0.596349
0.596349
0.596349
0.596352
0.59638
0.596587
0.596589
0.596701
0.596701
0.596706
0.596706
0.596706
0.596706
0.596706
0.596732
0.596735
0.596735
0.596738
0.596741
0.596741
0.596741
0.596741
0.596741
0.596741
0.596741
0.596743
0.596744
0.596744
0.596744
0.596744
0.596744
0.596744
0.596744
0.596745
0.596745
0.596748
0.596748
0.596748
0.596809
0.596809
0.59681
0.59681
0.59681
0.596895
0.596902
0.596913
0.596913
0.596913
0.596913
0.596916
0.596927
0.596929
0.596943
0.596943
0.596943
0.596943
0.596946
0.596946
0.596947
0.596955
0.596955
0.596955
0.596955
0.596955
0.596956
0.596956
0.596961
0.596961
0.596961
0.596962
0.597158
0.597158
0.597158
0.597159
0.597465
0.597471
0.597474
0.597486
0.597849
0.597849
0.59785
0.59785
0.59785
0.597867
0.597869
0.59788
0.59788
0.59788
0.597906
0.597906
0.597916
0.597919
0.597951
0.597976
0.597993
0.597993
0.59801
0.59801
0.59801
0.59808
0.59808
0.59808
0.59808
0.59808
0.598096
0.598096
0.598098
0.598113
0.598113
0.598113
0.598113
0.598113
0.59852
0.59852
0.598529
0.598529
0.598529
0.598529
0.598529
0.598535
0.598544
0.598553
0.598554
0.598574
0.598574
0.598574
0.598579
0.598579
0.598579
0.598579
0.598579
0.598579
0.598579
0.598604
0.598605
0.598612
0.598612
0.598612
0.598613
0.598616
0.598628
0.598628
0.598628
0.598628
0.598628
0.598633
0.598633
0.598771
0.598771
0.598771
0.598785
0.598786
0.598786
0.598787
0.598787
0.59879
0.59879
0.59879
0.598834
0.598834
0.598834
0.598834
0.598835
0.59884
0.598843
0.598843
0.59886
0.59886
0.598861
0.598864
0.598872
0.598872
0.598872
0.598872
0.598874
0.598874
0.598893
0.598893
0.598893
0.599574
0.599579
0.599669
0.599719
0.599731
0.599731
0.599731
0.599732
0.599733
0.599735
0.599748
0.600151
0.600164
0.600165
0.600265
0.600265
0.600282
0.600306
0.600308
0.600953
0.600956
0.600956
0.600956
0.600956
0.600956
0.600968
0.600968
0.600968
0.600972
0.601044
0.601044
0.601049
0.601049
0.601076
0.601706
0.601711
0.601711
0.601713
0.601713
0.60172
0.601752
0.601802
0.601876
0.601921
0.601921
0.601921
0.601921
0.601941
0.601951
0.602007
0.60202
0.60202
0.60202
0.60202
0.60202
0.602033
0.602088
0.602088
0.602088
0.602093
0.602093
0.602093
0.602102
0.602102
0.602171
0.602171
0.602171
0.602172
0.602175
0.602175
0.602175
0.602175
0.602175
0.602258
0.60243
0.60243
0.60244
0.602441
0.602441
0.602453
0.602581
0.602582
0.602582
0.602582
0.602585
0.602696
0.602698
0.6027
0.602702
0.602702
0.602702
0.602702
0.602702
0.602711
0.602714
0.602741
0.602741
0.602741
0.602744
0.602769
0.602769
0.602769
0.602769
0.602769
0.602792
0.602822
0.602824
0.602824
0.602826
0.603014
0.603015
0.603015
0.603186
0.603188
0.60319
0.60319
0.603193
0.603195
0.603195
0.603195
0.603252
0.603252
0.603258
0.603258
0.603259
0.603297
0.603297
0.603297
0.603297
0.603311
0.603311
0.603311
0.603479
0.603479
0.603479
0.603479
0.603479
0.603493
0.603501
0.603501
0.603514
0.603516
0.603726
0.603736
0.603736
0.603736
0.603739
0.603853
0.603853
0.603853
0.603853
0.603853
0.603854
0.60416
0.604167
0.604167
0.604243
0.604618
0.60571
0.60571
0.60571
0.605712
0.605718
0.605718
0.60572
0.605721
0.605721
0.605721
0.605721
0.605725
0.605725
0.605725
0.605754
0.605754
0.605754
0.605757
0.605757
0.60576
0.60576
0.60576
0.605917
0.605971
0.605972
0.605972
0.605981
0.605981
0.605982
0.605982
0.606049
0.606049
0.606049
0.606053
0.606054
0.606054
0.606054
0.606124
0.606126
0.606179
0.606179
0.606179
0.606179
0.606179
0.606179
0.60618
0.606201
0.606201
0.606204
0.606253
0.606253
0.606255
0.606256
0.606256
0.606257
0.606257
0.606257
0.606258
0.606512
0.606512
0.606518
0.606807
0.606807
0.606813
0.606813
0.606813
0.606813
0.60684
0.60684
0.606847
0.606984
0.606987
0.606995
0.606997
0.607033
0.607033
0.607034
0.607034
0.607056
0.607056
0.607061
0.60709
0.60709
0.607102
0.607102
0.607102
0.607108
0.607108
0.607115
0.607236
0.607236
0.607236
0.607236
0.607236
0.607236
0.607236
0.607327
0.607327
0.607327
0.607327
0.607327
0.607417
0.607425
0.607428
0.607428
0.607428
0.609531
0.609544
0.609544
0.609555
0.609555
0.60956
0.60956
0.60956
0.60956
0.609581
0.609581
0.609581
0.609583
0.609583
0.609629
0.609631
0.609751
0.609751
0.609761
0.609766
0.609766
0.609787
0.609861
0.609861
0.609861
0.610099
0.610099
0.610099
0.610099
0.610103
0.61011
0.61011
0.61013
0.61013
0.61013
0.61013
0.61013
0.610146
0.610146
0.610153
0.610181
0.610181
0.610183
0.610183
0.610198
0.610198
0.610198
0.6102
0.6102
0.6102
0.610209
0.610213
0.610213
0.610229
0.610229
0.610325
0.610325
0.610327
0.610332
0.610332
0.610332
0.610344
0.610345
0.610345
0.610346
0.610346
0.610346
0.610364
0.610364
0.610364
0.610364
0.610366
0.610366
0.610366
0.610366
0.610366
0.610366
0.610366
0.610366
0.610366
0.610367
0.610369
0.61037
0.610389
0.61039
0.61039
0.610391
0.610425
0.610429
0.610429
0.610429
0.610486
0.610493
0.610493
0.610493
0.610552
0.610672
0.610674
0.610674
0.61089
0.61089
0.61089
0.61089
0.610897
0.6109
0.611529
0.611531
0.611558
0.611558
0.611586
0.611613
0.611738
0.611766
0.611767
0.611767
0.611767
0.611767
0.611783
0.611783
0.611789
0.61182
0.61182
0.611823
0.611858
0.611862
0.611875
0.61188
0.61188
0.611923
0.611924
0.61193
0.611984
0.612028
0.612028
0.612031
0.612031
0.612061
0.612067
0.612067
0.612067
0.612067
0.612067
0.61208
0.61208
0.61208
0.61208
0.61208
0.61208
0.61208
0.61208
0.612086
0.612095
0.612145
0.612156
0.612208
0.612208
0.612208
0.612208
0.612209
0.612211
0.612215
0.612241
0.612241
0.612241
0.612241
0.612282
0.612282
0.612282
0.612282
0.612282
0.612282
0.612282
0.612309
0.61231
0.61231
0.61231
0.612319
0.612319
0.612319
0.612319
0.612321
0.612321
0.612321
0.612321
0.612371
0.612372
0.612372
0.612372
0.612378
0.612378
0.612378
0.612378
0.612432
0.612439
0.612444
0.612444
0.612444
0.612446
0.612446
0.612446
0.61245
0.61245
0.61245
0.61245
0.612484
0.612484
0.612484
0.612537
0.612537
0.612539
0.612539
0.61254
0.61254
0.61254
0.61254
0.612563
0.612563
0.612564
0.612583
0.612583
0.612584
0.612585
0.612585
0.612585
0.612585
0.612585
0.612587
0.612587
0.612589
0.612623
0.612623
0.612623
0.612623
0.612623
0.612625
0.612625
0.612638
0.612638
0.612638
0.61264
0.61264
0.612641
0.612641
0.612641
0.612641
0.612643
0.612655
0.612655
0.612656
0.612658
0.612658
0.612685
0.612686
0.612687
0.612687
0.612692
0.612938
0.612938
0.612938
0.612952
0.612952
0.612952
0.612952
0.612953
0.612953
0.612953
0.613136
0.613137
0.613229
0.61323
0.61323
0.61323
0.61323
0.613433
0.613611
0.61365
0.61365
0.61365
0.61365
0.61365
0.613651
0.613653
0.613653
0.613653
0.613653
0.613659
0.613659
0.613659
0.613736
0.613736
0.613739
0.613806
0.613876
0.613882
0.613883
0.613883
0.613883
0.613883
0.613885
0.613885
0.613892
0.61392
0.613971
0.613972
0.613988
0.613988
0.613992
0.613992
0.613992
0.613992
0.613992
0.613992
0.614115
0.614115
0.614115
0.614115
0.614115
0.614115
0.614115
0.614118
0.614118
0.614118
0.614136
0.614139
0.614139
0.614139
0.615062
0.615089
0.615089
0.615089
0.615091
0.615104
0.615349
0.615354
0.615358
0.615398
0.615398
0.615402
0.615411
0.615411
0.615411
0.615411
0.615411
0.615418
0.615452
0.615454
0.615475
0.615477
0.61548
0.616129
0.616129
0.616129
0.616142
0.61615
0.616151
0.61618
0.61618
0.61618
0.616207
0.616927
0.616927
0.616928
0.616928
0.61694
0.616943
0.616952
0.616952
0.616952
0.617157
0.617157
0.61716
0.617165
0.617204
0.617204
0.617362
0.617366
0.617372
0.619165
0.619171
0.619236
0.619236
0.619239
0.619239
0.619239
0.619262
0.619266
0.619287
0.619288
0.619327
0.619333
0.619353
0.619465
0.619522
0.619524
0.619524
0.619609
0.61961
0.619881
0.619893
0.61991
0.619912
0.619951
0.619955
0.619955
0.619957
0.619957
0.619958
0.619959
0.619966
0.619969
0.620073
0.620074
0.620094
0.620131
0.620131
0.620134
0.620142
0.620154
0.620154
0.620165
0.620192
0.620196
0.62031
0.62031
0.620314
0.620323
0.620326
0.620356
0.620357
0.620357
0.620361
0.620386
0.620388
0.620389
0.62042
0.620422
0.620426
0.620429
0.621144
0.621412
0.622719
0.622721
0.622721
0.622722
0.622726
0.622733
0.622733
0.622735
0.622735
0.622735
0.622753
0.622778
0.622781
0.622782
0.622796
0.622798
0.622799
0.622799
0.622929
0.622937
0.622937
0.622937
0.622964
0.622964
0.622994
0.622997
0.623003
0.623003
0.623296
0.623307
0.623312
0.623313
0.623313
0.623313
0.623313
0.623313
0.623313
0.623319
0.623335
0.623337
0.623337
0.62342
0.623422
0.623425
0.623428
0.623434
0.623434
0.623576
0.623648
0.623659
0.623672
0.623672
0.623672
0.623672
0.623676
0.623676
0.623676
0.623676
0.623679
0.623949
0.624317
0.624344
0.624344
0.624346
0.624346
0.624346
0.624346
0.624346
0.624346
0.624711
0.624712
0.624712
0.624712
0.624719
0.624744
0.624819
0.624836
0.624846
0.624858
0.624858
0.624859
0.624859
0.624861
0.624861
0.624861
0.624865
0.624868
0.62487
0.624913
0.624918
0.62492
0.625244
0.625535
0.625535
0.625535
0.625535
0.625539
0.625539
0.625609
0.625644
0.625645
0.625645
0.625653
0.625777
0.625778
0.625778
0.625847
0.625848
0.625848
0.625848
0.625848
0.625848
0.625849
0.625849
0.625849
0.625849
0.62585
0.62585
0.62585
0.625861
0.625866
0.625869
0.626381
0.626385
0.626401
0.626407
0.626409
0.626409
0.626409
0.626417
0.626417
0.626417
0.626417
0.626417
0.626441
0.626449
0.626725
0.626746
0.626746
0.626746
0.626928
0.626928
0.626928
0.626928
0.62693
0.62693
0.62693
0.62693
0.62693
0.62693
0.626931
0.626936
0.626936
0.626937
0.626937
0.626959
0.626959
0.626959
0.626959
0.626977
0.626978
0.626978
0.626978
0.62698
0.626986
0.627044
0.627044
0.627046
0.627046
0.62705
0.627115
0.627135
0.627175
0.627176
0.627176
0.627176
0.627176
0.627176
0.627181
0.627181
0.627221
0.627221
0.627231
0.627276
0.627279
0.627285
0.627285
0.627285
0.627285
0.627333
0.627333
0.627347
0.627347
0.627644
0.627644
0.627917
0.627947
0.627955
0.627959
0.627962
0.627963
0.627981
0.628009
0.628009
0.628009
0.628419
0.628423
0.628458
0.628458
0.628458
0.628464
0.628465
0.628573
0.628575
0.628658
0.628658
0.628661
0.628663
0.628664
0.628668
0.628668
0.628675
0.628705
0.628708
0.628715
0.628716
0.628716
0.628733
0.628733
0.628733
0.628733
0.62874
0.62874
0.628875
0.628875
0.628876
0.628876
0.628876
0.628876
0.628876
0.6289
0.628902
0.628902
0.628904
0.629186
0.629193
0.629196
0.629196
0.629219
0.629219
0.629219
0.629225
0.629228
0.629229
0.629229
0.629229
0.629252
0.629252
0.629257
0.629273
0.629274
0.629274
0.629339
0.629339
0.629342
0.629342
0.629342
0.629342
0.629342
0.629342
0.629343
0.629343
0.629343
0.62935
0.62935
0.629415
0.629415
0.629415
0.629415
0.629415
0.629415
0.62943
0.629431
0.629436
0.629436
0.629436
0.629436
0.629436
0.629436
0.629436
0.629437
0.629488
0.629488
0.629488
0.629502
0.629502
0.62955
0.629551
0.62963
0.62963
0.62963
0.629635
0.629635
0.629639
0.629639
0.629639
0.629639
0.629641
0.629641
0.629641
0.629646
0.629691
0.629691
0.629692
0.629692
0.629702
0.629707
0.629707
0.629707
0.629707
0.629736
0.629736
0.629781
0.629792
0.629793
0.629796
0.629796
0.629796
0.629796
0.62981
0.62981
0.62981
0.629812
0.630243
0.630252
0.630252
0.630252
0.630253
0.630259
0.63026
0.630261
0.630327
0.630327
0.63033
0.63033
0.630651
0.630651
0.630651
0.630745
0.630746
0.630746
0.63075
0.630752
0.630752
0.630913
0.630914
0.630914
0.630917
0.630917
0.630923
0.630923
0.630923
0.631062
0.631063
0.631064
0.631066
0.631073
0.631076
0.631077
0.631077
0.631367
0.631367
0.631367
0.631367
0.631367
0.631376
0.631402
0.631421
0.631421
0.631421
0.631421
0.631437
0.631438
0.63144
0.631443
0.631445
0.631446
0.631495
0.631495
0.631495
0.631647
0.631647
0.631651
0.631651
0.631658
0.631664
0.631664
0.631664
0.631664
0.6317
0.6317
0.6317
0.6317
0.6317
0.6317
0.63171
0.63171
0.631713
0.631716
0.631716
0.631716
0.63172
0.631729
0.632207
0.632207
0.632207
0.632357
0.63248
0.632501
0.632505
0.632505
0.632505
0.632508
0.632513
0.632513
0.632513
0.632627
0.63263
0.63263
0.63263
0.633092
0.633095
0.633102
0.633105
0.633105
0.633246
0.633246
0.633246
0.633283
0.633283
0.633283
0.633283
0.633291
0.633291
0.633292
0.633431
0.633431
0.633432
0.633432
0.633438
0.633439
0.633439
0.633439
0.633439
0.633439
0.633534
0.633534
0.633535
0.633541
0.633543
0.633543
0.633543
0.633543
0.633543
0.633543
0.633543
0.633543
0.633549
0.633549
0.633549
0.633553
0.633557
0.633559
0.633563
0.6338
0.6338
0.6338
0.633846
0.633846
0.633846
0.633846
0.633846
0.633846
0.633846
0.633849
0.633849
0.63427
0.63427
0.63427
0.634273
0.634274
0.634276
0.634277
0.634277
0.634277
0.634287
0.634288
0.634288
0.63429
0.634389
0.634389
0.634391
0.634391
0.6344
0.634403
0.634424
0.634424
0.634481
0.634485
0.634528
0.634529
0.63453
0.63453
0.63453
0.634531
0.637499
0.6375
0.6375
0.637533
0.637533
0.637533
0.637533
0.637533
0.637533
0.637533
0.637534
0.637534
0.637534
0.637536
0.637536
0.637536
0.6376
0.6376
0.6376
0.637601
0.637615
0.637615
0.637908
0.638009
0.638061
0.63812
0.63812
0.63812
0.63813
0.63815
0.638152
0.638217
0.638541
0.638576
0.638603
0.638604
0.638604
0.638604
0.63861
0.63861
0.638882
0.638882
0.638889
0.638889
0.638889
0.63889
0.638946
0.63897
0.638981
0.638981
0.638981
0.638981
0.638985
0.638985
0.638988
0.638988
0.638988
0.639011
0.639033
0.639041
0.639042
0.639051
0.639052
0.63908
0.63908
0.63908
0.639089
0.63909
0.63909
0.63909
0.639095
0.639096
0.639096
0.639097
0.639109
0.639182
0.639183
0.639183
0.639183
0.639183
0.639186
0.639189
0.639198
0.639198
0.639198
0.639198
0.63922
0.639221
0.639242
0.639242
0.639242
0.639242
0.639242
0.639278
0.639279
0.639288
0.639288
0.639288
0.639343
0.639344
0.639347
0.639348
0.639348
0.639348
0.639364
0.639377
0.639377
0.639396
0.639396
0.63941
0.639411
0.639415
0.639419
0.639419
0.639419
0.639443
0.639446
0.639446
0.639614
0.639614
0.639615
0.639615
0.639624
0.639646
0.63968
0.639694
0.639694
0.639698
0.6397
0.6397
0.6397
0.6397
0.6397
0.6397
0.6397
0.639706
0.639706
0.639708
0.639875
0.639876
0.639895
0.640001
0.640001
0.640001
0.640012
0.640012
0.640044
0.640047
0.640047
0.640049
0.640086
0.640088
0.640099
0.64011
0.640115
0.64012
0.640125
0.640125
0.64014
0.640209
0.64021
0.64021
0.640357
0.640357
0.640357
0.640378
0.640378
0.640382
0.640388
0.640389
0.640934
0.640934
0.640996
0.641023
0.641023
0.64103
0.64112
0.641123
0.641125
0.641399
0.641406
0.641409
0.641459
0.641459
0.641508
0.641514
0.641622
0.641753
0.641792
0.641792
0.641793
0.641812
0.641812
0.641957
0.642057
0.642059
0.642491
0.642491
0.642499
0.642512
0.642555
0.642557
0.642558
0.642558
0.642558
0.642564
0.642564
0.642571
0.642574
0.642574
0.642574
0.642583
0.642583
0.642583
0.642586
0.642588
0.642814
0.642949
0.642953
0.642968
0.642969
0.642969
0.642969
0.642977
0.642977
0.642978
0.642978
0.642996
0.643097
0.643097
0.643097
0.643097
0.643097
0.643116
0.643116
0.643119
0.643167
0.643167
0.643167
0.643168
0.643168
0.643168
0.643169
0.643169
0.643201
0.643201
0.643201
0.643202
0.643206
0.643208
0.643208
0.643208
0.643213
0.643213
0.643213
0.643214
0.643216
0.64322
0.643229
0.64323
0.643233
0.643233
0.643233
0.643233
0.643233
0.643233
0.643233
0.643234
0.643234
0.643234
0.643234
0.643234
0.643234
0.643234
0.643234
0.643234
0.643234
0.643234
0.643239
0.64325
0.64325
0.64325
0.643251
0.643266
0.643266
0.643266
0.643279
0.643279
0.643283
0.643285
0.643292
0.643292
0.643301
0.643305
0.643305
0.64332
0.643323
0.643323
0.643326
0.643329
0.643329
0.643367
0.64338
0.64338
0.643598
0.643598
0.643598
0.643606
0.643606
0.643606
0.643606
0.643606
0.643606
0.643612
0.643612
0.643613
0.643619
0.643626
0.643626
0.643626
0.643626
0.643626
0.643626
0.643626
0.643626
0.643626
0.643626
0.643626
0.643626
0.643629
0.643633
0.643633
0.643834
0.643835
0.643835
0.644193
0.644194
0.644241
0.644241
0.644398
0.644404
0.644404
0.644404
0.644404
0.644404
0.644404
0.644405
0.644425
0.64473
0.64473
0.644764
0.644785
0.644861
0.644862
0.644864
0.644882
0.644888
0.644888
0.644888
0.644888
0.644893
0.6449
0.644901
0.644901
0.644918
0.644921
0.645164
0.645164
0.645225
0.645225
0.645225
0.645247
0.645249
0.645348
0.645348
0.645348
0.645371
0.645371
0.645377
0.645378
0.645407
0.645407
0.645408
0.645408
0.64541
0.645593
0.645595
0.645595
0.645595
0.645595
0.6456
0.6456
0.6456
0.645602
0.645602
0.645602
0.645602
0.645611
0.645638
0.645642
0.645642
0.645657
0.645657
0.645664
0.645665
0.645665
0.645665
0.645665
0.645673
0.645674
0.645674
0.645674
0.645674
0.645678
0.645678
0.645678
0.645678
0.645679
0.645679
0.645679
0.645679
0.645679
0.645679
0.645679
0.645681
0.645681
0.645681
0.645682
0.645683
0.645684
0.645684
0.645685
0.645778
0.645778
0.645779
0.645779
0.645782
0.645786
0.64579
0.64579
0.64579
0.645791
0.645791
0.6458
0.645806
0.645806
0.645806
0.645806
0.645827
0.645831
0.645831
0.645831
0.645831
0.645832
0.645832
0.645832
0.645834
0.645834
0.645838
0.645838
0.645845
0.645845
0.645853
0.645858
0.645985
0.646117
0.646117
0.646117
0.646117
0.646189
0.64619
0.64619
0.64619
0.64619
0.64619
0.646191
0.646196
0.646197
0.646197
0.646197
0.646197
0.646197
0.646197
0.646197
0.646197
0.646197
0.646197
0.646197
0.646282
0.646283
0.646283
0.646283
0.646283
0.646687
0.646687
0.646687
0.646687
0.646687
0.646687
0.646687
0.646689
0.646689
0.646689
0.646689
0.646689
0.646689
0.646689
0.646689
0.646689
0.646689
0.646689
0.646736
0.646736
0.646738
0.646738
0.646738
0.646738
0.646739
0.646739
0.646739
0.646739
0.64675
0.64675
0.64675
0.64675
0.64675
0.646752
0.646752
0.646758
0.646762
0.646763
0.646763
0.646763
0.646763
0.646767
0.646767
0.646767
0.646767
0.646767
0.646767
0.646767
0.64677
0.646771
0.646772
0.646772
0.646772
0.646772
0.646772
0.646772
0.646772
0.646772
0.646772
0.646775
0.646775
0.646775
0.64678
0.64678
0.64678
0.64678
0.64678
0.64678
0.64678
0.64678
0.646788
0.646896
0.646896
0.646964
0.646964
0.646964
0.646964
0.646964
0.646964
0.646964
0.647028
0.647028
0.647031
0.647031
0.647037
0.64704
0.64704
0.64704
0.64704
0.64704
0.64704
0.64704
0.64704
0.64704
0.64704
0.64704
0.647042
0.647051
0.647051
0.647051
0.647054
0.647054
0.647054
0.647055
0.647062
0.647062
0.647062
0.647062
0.647062
0.647062
0.647062
0.647062
0.647062
0.647062
0.647062
0.64708
0.647081
0.647081
0.647081
0.647081
0.647215
0.647215
0.647215
0.647215
0.647215
0.647248
0.647248
0.647249
0.647249
0.647249
0.647249
0.647249
0.647257
0.647258
0.647258
0.647258
0.647258
0.647258
0.647258
0.647381
0.647381
0.647381
0.647381
0.647381
0.647381
0.647381
0.64753
0.64753
0.647534
0.647534
0.647536
0.647536
0.647536
0.647536
0.647536
0.647536
0.647536
0.647835
0.647835
0.647835
0.647835
0.647835
0.647956
0.647956
0.647956
0.647956
0.647956
0.647956
0.647956
0.647956
0.647956
0.647963
0.647965
0.647965
0.647965
0.647965
0.647965
0.647993
0.647993
0.647993
0.647993
0.647993
0.648073
0.648073
0.648073
0.648106
0.648139
0.648139
0.648139
0.648139
0.648139
0.648163
0.648163
0.648163
0.648163
0.648165
0.648168
0.648168
0.648169
0.648169
0.648169
0.648169
0.648169
0.648169
0.648169
0.648169
0.648169
0.648169
0.648169
0.648169
0.648169
0.648169
0.648169
0.648184
0.648193
0.648193
0.648193
0.648194
0.648194
0.648194
0.648194
0.648198
0.648198
0.648198
0.648199
0.648199
0.648199
0.648199
0.648199
0.648199
0.6482
0.6482
0.648218
0.648218
0.648218
0.648218
0.648218
0.648218
0.648218
0.648218
0.648234
0.648234
0.648235
0.648235
0.648252
0.648252
0.648252
0.648276
0.648276
0.648276
0.648276
0.648276
0.648303
0.648303
0.648303
0.648303
0.648303
0.648303
0.648314
0.648315
0.648328
0.64838
0.64838
0.64838
0.64838
0.64838
0.648382
0.648384
0.648384
0.648395
0.648395
0.648395
0.648395
0.648395
0.648395
0.648395
0.648396
0.648396
0.648396
0.648396
0.648396
0.648398
0.64841
0.64841
0.64841
0.64841
0.64841
0.64841
0.648411
0.648683
0.648683
0.648683
0.648683
0.649213
0.64926
0.649266
0.649266
0.649266
0.649266
0.649266
0.649267
0.649316
0.649316
0.649316
0.649316
0.649344
0.649344
0.649344
0.649345
0.649345
0.649345
0.649345
0.649345
0.649345
0.649345
0.649345
0.649346
0.649346
0.649349
0.649374
0.649374
0.649377
0.649377
0.649379
0.649379
0.649379
0.649396
0.649396
0.649396
0.649396
0.649396
0.649396
0.649396
0.649399
0.649399
0.649406
0.649418
0.649473
0.649473
0.649473
0.649473
0.649473
0.649473
0.649473
0.649473
0.649561
0.649605
0.649605
0.649663
0.649663
0.649663
0.649663
0.649663
0.649663
0.649664
0.649664
0.649665
0.649665
0.649665
0.649667
0.649673
0.649676
0.649676
0.649678
0.649679
0.649679
0.649679
0.649679
0.649679
0.649679
0.64968
0.64968
0.64968
0.64968
0.64968
0.649681
0.649681
0.649681
0.649681
0.649681
0.649688
0.649688
0.649688
0.649688
0.649688
0.649688
0.649692
0.649692
0.649719
0.649719
0.649721
0.649721
0.649721
0.649721
0.649721
0.649722
0.649722
0.649722
0.649722
0.649724
0.649724
0.649724
0.649758
0.649758
0.649766
0.649766
0.649768
0.649768
0.649768
0.649802
0.649802
0.649802
0.649802
0.649802
0.649802
0.649802
0.649802
0.649813
0.649813
0.649813
0.649813
0.649813
0.649813
0.649813
0.649813
0.649818
0.650283
0.650283
0.650477
0.650477
0.650477
0.650477
0.650477
0.650479
0.65048
0.65048
0.65048
0.65048
0.650487
0.650487
0.650487
0.650487
0.650487
0.650487
0.650487
0.650492
0.65051
0.65051
0.65051
0.65051
0.65051
0.65051
0.65051
0.65051
0.65051
0.65051
0.650532
0.650532
0.650532
0.650532
0.650532
0.650532
0.650535
0.650536
0.650546
0.650546
0.650546
0.650546
0.650546
0.650546
0.650546
0.65055
0.650557
0.650557
0.650639
0.650639
0.650639
0.650639
0.6506