1
8
2
1
1
1
2
8
2
4
4
6
4
8
8
3
0
0
3
0
4
8
3
0
0
0
4
2
2
3
0
6
4
1
8
5
2
5
8
6
8
5
5
5
8
5
5
6
8
1
2
2
5
8
6
3
8
6
8
6
5
4
4
4
1
8
6
1
5
6
5
4
8
5
6
6
4
8
8
8
2
5
0
6
8
4
5
6
5
8
3
0
6
6
2
0
0
0
1
8
5
8
4
8
6
6
3
0
1
6
8
6
0
0
0
1
8
0
0
5
8
4
5
8
5
6
4
3
5
8
6
8
2
6
8
2
4
8
5
8
8
5
6
8
6
8
6
4
5
8
4
4
6
4
6
5
6
1
4
8
6
5
6
8
5
6
4
8
5
6
4
6
6
8
6
5
8
5
5
8
5
5
5
8
0
5
8
5
8
5
6
6
5
8
6
5
5
8
5
8
8
5
6
6
6
5
0
5
8
8
5
6
8
5
8
4
6
8
8
4
5
0
2
0
0
0
0
8
8
0
5
8
8
4
8
4
8
4
4
6
8
4
8
5
8
5
0
0
0
0
8
5
8
6
8
8
4
8
8
6
1
8
5
5
6
8
0
0
0
0
5
8
2
5
8
8
0
1
8
8
6
8
2
1
8
0
6
6
8
0
1
8
0
0
0
6
8
8
6
5
8
6
8
6
8
0
0
1
8
8
0
0
2
5
8
0
0
0
5
8
8
2
5
8
5
3
8
4
6
6
4
5
0
0
0
6
8
6
8
0
0
6
8
5
8
8
0
0
0
0
6
8
5
8
