1
6
2
1
6
5
4
6
7
3
3
3
1
7
4
6
7
7
6
7
4
7
7
1
3
7
1
7
5
7
2
7
8
7
2
7
0
7
2
5
7
8
7
0
7
0
7
0
7
0
7
0
7
0
7
0
7
0
7
0
7
0
7
0
7
8
5
0
5
0
0
6
0
2
0
8
0
6
0
8
0
6
0
3
0
3
0
2
0
5
0
2
0
6
0
8
0
6
0
6
0
4
0
6
0
6
0
6
0
6
0
1
0
2
0
5
0
2
0
2
0
5
0
5
0
6
0
6
0
2
0
2
0
7
0
7
0
7
0
7
0
7
0
7
0
7
0
7
0
7
0
7
0
7
0
7
0
7
0
7
0
7
0
7
0
7
0
7
0
7
0
7
0
7
0
7
0
7
0
7
8
0
6
0
6
0
1
0
6
0
6
5
0
6
0
3
0
4
0
8
0
6
0
4
0
2
6
0
8
0
5
8
6
0
7
0
7
0
7
0
7
0
7
8
0
7
8
7
2
7
5
7
0
7
0
7
0
7
0
7
0
7
0
7
0
7
0
7
0
7
0
7
0
7
0
7
0
7
0
7
0
7
5
0
2
5
8
2
0
2
0
3
0
0
6
0
2
5
0
1
0
4
0
2
4
0
1
0
4
0
6
0
2
0
4
0
1
0
6
0
6
0
8
0
6
0
1
0
1
0
6
0
6
0
5
8
6
0
6
0
2
0
1
0
2
6
0
2
0
6
0
0
1
0
8
0
7
0
7
0
7
0
7
0
7
0
7
0
7
0
7
0
7
0
7
