8
0
3
4
0
0
6
2
0
0
6
1
0
1
0
1
0
6
3
1
0
5
0
6
0
1
0
1
3
2
2
5
8
5
2
0
0
3
0
5
0
6
3
4
8
0
2
0
1
0
6
0
6
0
0
5
0
6
0
2
0
1
0
2
0
3
0
6
0
5
8
0
2
0
7
0
7
0
7
0
7
0
7
0
7
8
7
0
7
8
0
2
0
6
0
0
7
8
7
8
7
2
7
5
0
6
4
0
2
0
6
0
8
0
2
0
1
0
0
5
0
8
6
0
5
6
0
7
0
7
0
7
0
7
0
7
0
7
0
7
0
7
8
0
1
0
3
0
0
5
0
6
0
7
0
7
0
7
0
7
0
7
0
7
0
7
0
7
0
7
0
7
0
7
8
0
2
0
6
0
2
0
2
0
4
0
7
0
7
0
7
6
7
0
7
0
7
0
7
0
7
0
7
0
7
0
7
0
7
0
7
0
7
0
7
8
0
7
0
7
0
7
0
7
0
7
0
7
0
7
0
7
0
7
0
7
0
7
0
7
0
7
0
7
0
7
0
7
0
7
0
7
0
7
0
7
0
7
0
7
8
0
2
0
4
0
6
0
6
0
5
0
2
0
6
0
6
0
6
0
2
0
1
0
7
5
7
6
7
0
7
0
7
8
5
4
0
6
8
6
0
6
0
5
0
6
0
7
0
7
0
7
0
7
0
7
0
7
0
7
0
0
6
0
1
0
6
0
6
5
0
7
0
7
0
7
0
7
0
7
0
7
0
7
0
7
0
7
0
7
0
7
0
7
5
