1
7
5
5
7
5
7
3
4
7
7
4
7
6
7
1
7
1
7
4
7
6
7
6
7
3
7
5
7
4
1
5
1
5
3
8
1
3
3
0
5
0
5
0
4
0
5
0
2
5
8
3
0
5
0
5
0
6
0
2
0
5
0
5
0
2
0
5
0
3
0
7
0
7
0
7
0
7
0
7
0
7
0
7
0
7
0
7
0
7
8
7
0
7
0
7
0
7
0
7
0
7
0
7
0
7
0
7
0
7
0
7
0
7
0
7
0
7
0
7
0
7
8
7
0
7
0
7
8
0
2
0
2
0
7
0
7
0
7
0
7
0
7
0
7
0
7
0
7
0
7
0
7
0
7
0
7
0
7
6
7
8
0
7
0
7
0
7
0
7
0
7
0
7
0
7
0
7
0
7
0
7
0
7
0
7
0
7
8
7
0
7
0
7
0
7
0
7
0
7
0
7
0
7
0
7
0
7
8
0
4
8
0
3
0
4
0
2
4
0
6
0
2
0
3
0
7
0
7
0
7
0
7
0
7
0
7
0
7
0
7
0
7
0
7
0
7
0
7
0
7
0
7
0
7
0
7
0
7
0
7
0
7
0
7
0
7
0
7
0
7
0
7
0
7
0
7
0
7
0
7
0
7
0
7
0
7
0
7
0
7
0
7
0
7
0
7
0
7
0
7
0
7
0
7
0
7
0
7
0
7
0
7
0
7
0
7
8
7
0
7
0
7
0
7
0
7
0
7
0
7
8
7
5
0
7
0
7
0
7
0
7
0
7
0
7
0
7
0
7
0
7
0
7
0
