2
4
3
3
2
4
8
1
3
5
3
0
4
2
0
1
0
1
0
6
6
6
0
6
3
1
8
5
7
6
7
0
7
0
7
0
7
0
7
0
7
0
7
0
7
8
7
8
0
5
0
8
0
2
0
3
0
6
8
0
6
0
2
0
6
0
6
6
0
6
0
2
0
6
0
3
0
6
0
6
0
6
0
5
0
6
0
6
0
5
0
8
0
6
3
6
0
6
0
6
0
1
0
6
5
0
1
0
2
0
6
0
5
0
6
0
4
0
2
0
1
0
8
0
7
0
7
0
7
0
7
0
7
0
7
0
7
0
7
0
7
0
7
0
7
0
7
0
7
0
7
0
7
0
7
0
7
0
7
0
7
0
7
0
7
8
7
8
7
5
7
0
7
0
7
0
7
0
7
0
7
0
7
5
7
8
7
8
7
8
7
2
7
0
7
0
7
0
7
0
7
0
7
0
7
0
7
0
7
0
7
0
7
0
7
0
7
0
7
0
7
0
7
0
7
0
7
0
7
0
7
0
7
0
7
0
7
0
7
0
7
0
7
0
7
0
7
0
7
0
7
0
7
0
7
0
7
0
7
0
7
0
7
0
7
0
7
0
7
0
7
0
7
0
7
0
7
0
7
0
7
0
7
0
7
0
7
0
7
0
7
0
7
8
7
5
7
0
7
8
7
0
7
0
7
0
7
0
7
0
7
0
7
0
7
5
7
5
7
8
7
0
7
0
7
0
7
0
7
5
7
0
7
0
7
0
7
0
7
5
7
6
5
0
6
0
8
6
6
8
0
5
0
2
0
