0
8
0
3
4
0
5
0
6
6
6
6
4
1
4
6
6
6
1
6
4
2
6
6
8
6
6
7
6
7
3
7
0
7
0
7
3
8
2
0
2
0
2
0
5
0
2
0
0
6
0
6
0
5
0
5
0
1
0
7
0
7
0
7
0
7
0
7
0
7
0
7
8
7
2
7
0
7
0
7
0
7
0
2
0
2
0
6
8
0
2
0
8
0
8
0
8
6
0
8
0
6
0
2
0
6
0
1
0
1
0
7
0
7
0
7
0
0
2
0
4
0
4
0
2
0
5
8
6
0
2
0
5
0
6
0
2
0
5
0
3
0
6
0
2
0
6
0
7
0
7
0
7
0
7
0
7
0
7
0
7
0
7
6
0
2
0
7
0
7
0
7
0
7
0
7
0
7
0
7
0
7
0
7
0
7
0
7
8
0
1
0
3
0
2
0
2
0
1
0
6
0
2
0
4
0
8
0
4
0
4
0
7
0
7
0
7
0
7
0
7
0
7
0
7
0
7
0
7
0
7
0
7
0
7
0
7
0
7
0
7
0
7
0
7
0
7
5
7
0
7
0
7
0
7
0
7
1
7
6
0
7
0
7
8
7
8
7
5
7
0
7
0
7
0
7
0
7
0
7
0
7
0
7
0
7
0
7
0
7
4
0
2
0
4
0
6
0
2
0
5
0
4
0
3
0
2
0
7
0
7
4
7
0
7
0
7
0
7
5
7
0
7
0
7
0
7
6
7
8
7
6
7
0
7
0
7
0
7
0
7
0
7
0
7
0
7
0
7
0
7
0
7
0
7
