0
5
0
5
4
6
4
6
3
4
2
6
6
4
3
4
4
1
4
1
3
6
6
6
8
6
3
5
3
8
3
8
7
3
7
3
7
3
2
2
2
6
4
0
5
0
3
0
5
0
5
0
6
0
2
0
0
1
0
8
0
6
0
5
0
3
2
0
6
0
8
0
6
0
6
0
6
0
8
0
4
0
2
0
6
0
6
8
2
7
8
7
0
7
0
7
0
7
0
7
0
0
6
0
2
0
2
0
2
0
8
0
1
0
1
0
7
0
7
0
7
0
7
8
0
2
0
2
0
8
0
4
0
8
6
0
1
0
2
0
2
0
5
0
8
2
0
5
0
3
0
3
0
2
0
3
0
5
8
0
2
0
5
0
2
0
2
0
2
0
0
0
3
0
8
0
5
0
8
0
2
0
5
8
0
2
0
5
0
8
0
6
0
5
0
2
0
2
0
5
0
2
0
1
0
7
0
7
0
7
0
7
0
7
0
7
0
7
0
7
0
7
0
7
0
7
0
7
0
7
0
7
8
7
8
7
0
7
0
7
0
7
0
7
0
7
0
7
0
7
0
7
0
7
0
7
0
7
0
7
0
7
0
7
0
7
0
7
5
0
2
6
0
2
0
1
0
7
0
7
0
7
0
7
0
7
0
7
0
7
0
7
0
7
0
7
0
7
0
7
0
7
0
7
5
7
0
7
0
7
0
7
0
7
0
7
0
7
0
7
0
7
0
7
0
7
0
7
0
7
0
7
0
7
0
7
0
7
0
7
0
7
0
7
0
7
4
7
6
7
0
7
0
7
0
