5
0
0
0
0
0
0
0
0
0
0
0
0
0
0
0
0
0
0
0
0
0
0
0
0
0
0
0
0
0
0
0
0
0
1
0
0
1
0
0
1
5
3
0
0
0
1
2
2
3
1
5
5
4
1
3
0
0
3
0
6
1
1
1
5
1
5
3
2
5
8
6
1
6
3
6
5
8
3
2
6
2
4
8
6
2
6
3
6
6
4
6
4
3
2
6
8
6
3
6
3
0
6
3
0
5
6
1
6
1
4
6
2
6
0
4
2
6
8
6
0
2
4
4
2
6
2
6
1
6
1
6
3
2
6
0
6
1
6
4
6
1
6
2
6
0
0
6
2
5
4
6
2
6
4
6
1
6
4
6
4
6
8
6
4
6
0
6
4
6
6
2
6
4
4
6
2
6
4
5
6
0
6
6
2
4
0
5
2
6
2
6
4
6
3
6
5
6
0
6
8
5
4
5
6
5
1
6
2
5
1
6
2
6
1
2
4
4
6
2
6
4
5
2
6
4
6
4
6
2
6
2
6
4
6
2
6
4
8
6
5
6
5
8
5
6
5
2
6
0
6
4
2
8
4
1
6
2
5
4
6
4
0
6
2
6
2
5
8
6
6
0
6
4
8
6
4
6
5
2
6
2
4
4
2
6
1
6
3
8
6
5
6
8
6
2
6
8
6
4
1
6
4
2
6
0
4
3
6
2
6
0
4
0
6
2
6
2
5
8
4
0
6
2
6
4
2
6
4
0
6
4
1
6
4
6
4
2
6
8
6
4
2
4
0
5
4
2
6
4
2
6
4
0
6
