0
1
0
0
0
0
0
1
0
0
0
1
0
0
0
0
0
0
0
0
0
0
0
0
1
0
0
0
0
0
0
3
0
0
1
3
0
0
4
4
2
5
1
1
5
4
6
3
1
4
3
0
0
0
0
2
2
5
8
5
2
5
6
6
8
6
3
1
6
5
2
6
2
6
2
1
6
4
2
6
1
6
3
6
4
2
6
4
4
2
6
4
2
4
1
4
2
6
5
6
4
6
4
5
6
5
2
6
3
6
1
6
4
6
4
2
6
0
0
0
4
6
5
4
6
0
6
2
6
4
2
6
1
6
1
6
4
2
6
2
4
5
2
6
1
6
3
6
4
6
2
6
2
6
2
6
3
0
5
4
6
4
6
8
6
2
6
8
6
2
6
4
2
6
1
6
2
6
3
6
2
6
1
6
2
6
4
1
4
5
6
6
4
5
4
6
4
2
4
2
6
4
0
6
0
4
2
6
1
6
0
6
0
4
2
6
8
6
4
1
6
2
6
4
6
4
6
1
6
8
6
4
6
4
2
6
2
4
2
6
0
0
8
4
2
6
1
6
1
6
2
6
3
2
6
2
4
6
2
6
2
6
1
6
2
6
4
4
2
6
2
6
8
4
2
4
8
6
0
0
6
4
6
4
6
2
6
0
6
2
6
4
6
4
6
4
5
6
4
6
2
6
4
0
6
2
4
2
4
1
6
8
6
0
4
0
6
0
6
4
4
2
5
4
2
6
4
1
6
4
6
5
6
0
6
2
6
1
6
2
6
4
1
6
2
6
0
4
6
4
0
6
2
6
2
