2
0
0
0
0
0
0
0
0
0
0
0
0
0
0
0
0
0
1
0
0
0
3
0
1
0
0
0
0
0
1
0
0
0
1
5
1
5
4
3
0
0
1
3
2
4
1
5
8
6
8
3
0
0
0
1
2
3
0
0
1
5
6
2
6
2
6
0
0
0
0
6
1
4
3
0
4
2
5
5
2
6
4
3
0
6
2
6
8
6
4
1
5
6
4
2
6
4
6
4
6
2
8
8
6
2
5
4
3
2
6
5
4
6
4
2
5
2
4
3
2
4
2
5
3
2
6
5
4
2
5
4
2
4
2
6
2
6
4
6
1
4
8
6
8
5
6
4
2
4
0
0
5
2
6
4
6
2
6
2
4
8
5
8
6
4
5
6
4
6
2
4
2
5
8
2
4
0
6
0
6
0
6
2
6
5
4
5
6
1
6
8
5
3
4
6
5
0
8
5
6
4
6
4
5
6
4
4
4
4
2
4
6
4
6
5
6
4
6
2
6
8
4
8
6
0
6
8
4
6
1
4
6
8
0
6
1
6
0
5
4
5
2
6
2
4
6
4
5
6
4
6
0
6
1
6
5
2
6
2
6
1
1
5
6
0
5
2
6
8
6
2
5
8
6
2
6
8
6
8
6
4
6
2
5
2
4
5
6
1
6
1
4
3
6
2
6
3
4
2
6
4
0
6
2
6
0
6
0
6
4
1
6
2
6
8
4
6
4
3
2
6
2
4
4
4
2
6
2
4
2
6
4
6
5
6
2
6
0
4
0
6
1
6
2
6
2
6
5
6
6
5
6
4
