0.023239
0.023331
0.023331
0.028797
0.0303
0.057127
0.072616
0.080076
0.082676
0.082676
0.082676
0.099916
0.099916
0.100217
0.100217
0.101151
0.103087
0.103105
0.10805
0.111086
0.116371
0.118161
0.118161
0.121536
0.121536
0.123082
0.126944
0.126959
0.127894
0.127894
0.128664
0.128664
0.128671
0.128671
0.131151
0.13175
0.13308
0.13308
0.134668
0.135849
0.138315
0.138315
0.138976
0.142175
0.142175
0.142175
0.14278
0.144284
0.144284
0.144284
0.144796
0.146068
0.146068
0.146068
0.146068
0.152265
0.152594
0.157625
0.157625
0.15837
0.15837
0.15894
0.161315
0.161315
0.161602
0.16162
0.162575
0.164365
0.164365
0.164365
0.16504
0.165044
0.165044
0.166137
0.170077
0.170077
0.170493
0.170493
0.170493
0.170522
0.175498
0.175498
0.175809
0.175809
0.175809
0.177331
0.178889
0.178889
0.178889
0.178889
0.181488
0.182595
0.183698
0.183778
0.183778
0.18419
0.184311
0.184581
0.184609
0.184609
0.184609
0.18461
0.187439
0.187517
0.190195
0.190195
0.190195
0.196721
0.197873
0.197873
0.19811
0.19811
0.19811
0.198113
0.198113
0.199059
0.19916
0.199698
0.199701
0.199898
0.199898
0.200549
0.200549
0.20067
0.202807
0.203548
0.203559
0.203559
0.203711
0.203711
0.204086
0.204086
0.204086
0.204505
0.204505
0.204505
0.206616
0.206629
0.210951
0.210951
0.213881
0.214236
0.214236
0.214321
0.214321
0.214321
0.215561
0.21611
0.219482
0.219482
0.219482
0.219482
0.219504
0.219557
0.219733
0.219733
0.219733
0.220033
0.220033
0.226245
0.226245
0.226245
0.231305
0.234121
0.234121
0.234267
0.234267
0.234293
0.234293
0.234329
0.234329
0.234332
0.234332
0.23506
0.23506
0.23506
0.235076
0.235076
0.235092
0.235092
0.237468
0.23813
0.238161
0.238161
0.238165
0.238165
0.239201
0.239401
0.239547
0.241673
0.241718
0.241718
0.241718
0.241718
0.241771
0.242659
0.24269
0.242825
0.24683
0.246893
0.246893
0.246893
0.246893
0.246944
0.24783
0.247934
0.247975
0.247985
0.248067
0.24807
0.248097
0.248097
0.248097
0.248241
0.248241
0.248241
0.248278
0.248278
0.248278
0.248894
0.249211
0.249211
0.262877
0.262985
0.263043
0.263043
0.263222
0.263222
0.263222
0.263222
0.263222
0.263267
0.263291
0.263291
0.263308
0.263341
0.264048
0.264084
0.264153
0.264192
0.26442
0.264429
0.264919
0.264919
0.264919
0.264919
0.265968
0.265968
0.266006
0.267488
0.267967
0.267967
0.267967
0.267967
0.268063
0.268063
0.268063
0.268063
0.268063
0.268063
0.268063
0.268067
0.268067
0.268067
0.268079
0.268182
0.268182
0.268182
0.268182
0.268227
0.268227
0.268227
0.268271
0.268307
0.268307
0.268307
0.26832
0.268324
0.268324
0.268324
0.268324
0.268324
0.268456
0.268456
0.268456
0.268456
0.268456
0.268497
0.268497
0.268497
0.268701
0.268701
0.270889
0.270891
0.270891
0.270891
0.272849
0.27289
0.27289
0.272984
0.273438
0.273438
0.273438
0.273438
0.273542
0.273542
0.273542
0.273967
0.273967
0.274356
0.274356
0.274356
0.274383
0.274576
0.274576
0.274972
0.276215
0.276215
0.276215
0.276441
0.279725
0.279835
0.279915
0.279915
0.279915
0.279915
0.279932
0.279932
0.280833
0.280833
0.280833
0.280833
0.280833
0.280833
0.281036
0.281036
0.281036
0.281078
0.281134
0.281134
0.281134
0.281134
0.281149
0.282019
0.282634
0.282634
0.283022
0.283092
0.28311
0.283215
0.283215
0.283215
0.283215
0.283257
0.283257
0.283379
0.283637
0.283673
0.283673
0.28368
0.28368
0.284413
0.284883
0.284883
0.284883
0.284883
0.284889
0.285121
0.285121
0.285121
0.285121
0.285305
0.285548
0.285594
0.285594
0.285594
0.285627
0.285627
0.285627
0.285629
0.285629
0.285629
0.285629
0.285629
0.285629
0.285629
0.285629
0.285651
0.285657
0.285657
0.285762
0.285762
0.285762
0.285762
0.285771
0.286394
0.286394
0.286394
0.28642
0.289985
0.289985
0.299375
0.299375
0.299375
0.299404
0.299404
0.301287
0.301287
0.301287
0.301287
0.301323
0.301323
0.301549
0.301549
0.301683
0.301683
0.301733
0.301735
0.301735
0.301807
0.302698
0.302698
0.302698
0.302704
0.302704
0.302704
0.302704
0.30281
0.30281
0.30281
0.30281
0.30281
0.30281
0.302811
0.303781
0.303781
0.303781
0.303781
0.30384
0.30384
0.30384
0.303841
0.303841
0.303841
0.303841
0.303841
0.303842
0.303842
0.304258
0.304277
0.30428
0.30428
0.304297
0.304297
0.30469
0.30469
0.304829
0.304829
0.304829
0.304829
0.304829
0.304829
0.304914
0.304914
0.306426
0.306426
0.306426
0.306612
0.306659
0.306746
0.306746
0.306747
0.306747
0.306747
0.306747
0.306747
0.306772
0.307053
0.307133
0.307133
0.307133
0.307133
0.307133
0.307133
0.307133
0.307135
0.307135
0.307135
0.307138
0.307138
0.307138
0.307138
0.307148
0.307148
0.307148
0.307148
0.307159
0.307159
0.307159
0.307165
0.307165
0.307171
0.307171
0.30734
0.30734
0.30734
0.30734
0.30734
0.307459
0.307459
0.307459
0.307459
0.307468
0.308028
0.308047
0.308259
0.30829
0.30829
0.30829
0.30829
0.308295
0.308295
0.308295
0.308295
0.308791
0.308791
0.308791
0.308793
0.308793
0.308793
0.308793
0.308793
0.308793
0.30893
0.30893
0.30893
0.30893
0.308959
0.308969
0.308969
0.308969
0.308969
0.308991
0.308991
0.308991
0.309059
0.309059
0.309276
0.30931
0.30931
0.30931
0.30931
0.30985
0.309866
0.310331
0.310363
0.310768
0.310934
0.310934
0.311359
0.311359
0.311359
0.3126
0.312602
0.312602
0.312602
0.312604
0.312604
0.312604
0.312604
0.312604
0.312604
0.312606
0.312606
0.312682
0.312682
0.312699
0.312984
0.312988
0.312988
0.313115
0.313115
0.313344
0.313366
0.313366
0.313368
0.313368
0.313374
0.313404
0.313404
0.313641
0.313641
0.313641
0.313641
0.313641
0.313666
0.313666
0.313666
0.314591
0.314594
0.314634
0.314634
0.314638
0.314638
0.314639
0.314639
0.315254
0.315254
0.315255
0.315255
0.315255
0.315258
0.315258
0.315258
0.315325
0.315325
0.315325
0.315777
0.315777
0.315777
0.315777
0.315777
0.315778
0.315778
0.315778
0.315778
0.315778
0.315845
0.315845
0.315875
0.315879
0.315879
0.315879
0.315879
0.315879
0.315879
0.315879
0.315879
0.315879
0.315879
0.315879
0.315879
0.315879
0.315881
0.315881
0.315881
0.315882
0.315883
0.315883
0.315883
0.315883
0.315926
0.315926
0.316934
0.316934
0.316958
0.316958
0.316958
0.316958
0.316958
0.316958
0.316958
0.316958
0.316958
0.316958
0.316958
0.316958
0.316958
0.316958
0.316958
0.316958
0.316958
0.317032
0.317032
0.317032
0.317032
0.317032
0.317173
0.317186
0.317196
0.317198
0.317198
0.317198
0.317198
0.317198
0.317198
0.317198
0.317198
0.317198
0.317198
0.317198
0.317199
0.317199
0.31722
0.31722
0.31722
0.317245
0.317247
0.317627
0.317627
0.317627
0.317662
0.317662
0.317684
0.317731
0.318036
0.318036
0.318036
0.318302
0.318302
0.318302
0.318302
0.318302
0.318302
0.318302
0.318302
0.318313
0.318313
0.318313
0.318324
0.318324
0.318324
0.31834
0.31834
0.31834
0.31834
0.319776
0.319776
0.319776
0.319776
0.320102
0.320102
0.320102
0.320392
0.320392
0.320392
0.320392
0.320392
0.320392
0.320393
0.320394
0.320435
0.320435
0.320493
0.320493
0.320947
0.320947
0.320984
0.320984
0.320984
0.320984
0.320984
0.320984
0.320984
0.321195
0.321195
0.321195
0.321196
0.321196
0.321196
0.321196
0.321196
0.321196
0.321259
0.321259
0.321269
0.321269
0.321269
0.321436
0.321436
0.321507
0.321589
0.321589
0.321589
0.321608
0.321634
0.321634
0.321689
0.322098
0.322098
0.322098
0.322353
0.322353
0.322655
0.322655
0.322655
0.322655
0.322655
0.322655
0.322655
0.322655
0.322655
0.32281
0.32281
0.32281
0.322814
0.322814
0.322814
0.322814
0.322814
0.322919
0.322938
0.322942
0.323004
0.323004
0.323009
0.323009
0.323009
0.323009
0.323033
0.323036
0.323036
0.323036
0.323036
0.323095
0.323095
0.323095
0.323095
0.323095
0.323095
0.323304
0.323304
0.323334
0.323334
0.32335
0.32335
0.32335
0.32335
0.32335
0.32335
0.32335
0.323536
0.323536
0.323536
0.32354
0.323541
0.323541
0.323541
0.323541
0.323557
0.323557
0.323557
0.323557
0.323557
0.323557
0.323557
0.323557
0.323557
0.323557
0.323557
0.323557
0.32471
0.32471
0.32471
0.324726
0.325086
0.325093
0.325093
0.325093
0.325093
0.3252
0.325201
0.325201
0.325201
0.325201
0.325201
0.325201
0.325201
0.325201
0.325203
0.325203
0.325203
0.325207
0.325208
0.325208
0.325367
0.325415
0.325415
0.325415
0.328137
0.328151
0.328167
0.328205
0.328301
0.328301
0.328353
0.328384
0.328392
0.328392
0.328392
0.328619
0.328619
0.329478
0.329478
0.329478
0.331097
0.331263
0.331274
0.331274
0.331366
0.331482
0.331482
0.331482
0.331482
0.331482
0.331482
0.331489
0.331526
0.331526
0.331526
0.331547
0.331547
0.331547
0.331548
0.331548
0.331548
0.331562
0.331562
0.331639
0.331641
0.331641
0.331641
0.331641
0.331676
0.331676
0.331679
0.331679
0.331679
0.331696
0.331714
0.331714
0.331714
0.331773
0.331786
0.331786
0.331786
0.331788
0.331788
0.331804
0.331804
0.331804
0.331805
0.331805
0.331805
0.331805
0.331805
0.331805
0.331805
0.332169
0.332169
0.332175
0.332179
0.332179
0.332179
0.332278
0.332278
0.332339
0.332339
0.332339
0.332339
0.33236
0.33236
0.334091
0.334091
0.334091
0.334092
0.334092
0.334092
0.334092
0.334092
0.334112
0.334115
0.334115
0.334243
0.334243
0.334243
0.334432
0.334432
0.334455
0.334455
0.334455
0.334582
0.334585
0.334651
0.334651
0.334655
0.334655
0.334655
0.334655
0.334677
0.334677
0.334681
0.334688
0.334688
0.338434
0.338434
0.338434
0.338502
0.338513
0.338513
0.338527
0.338527
0.338527
0.338527
0.338527
0.338527
0.338527
0.338527
0.338527
0.338527
0.338597
0.338597
0.338597
0.338597
0.338597
0.338597
0.338597
0.338597
0.338597
0.338597
0.338597
0.338597
0.338605
0.338672
0.338672
0.338697
0.338757
0.338757
0.33926
0.33926
0.339295
0.33934
0.33934
0.33934
0.339381
0.339381
0.339381
0.339381
0.33976
0.33976
0.33976
0.339822
0.339822
0.339822
0.339822
0.339822
0.339963
0.339963
0.339963
0.339963
0.339963
0.339963
0.339963
0.339963
0.339999
0.339999
0.339999
0.340015
0.340058
0.340116
0.340265
0.340265
0.340265
0.340506
0.340506
0.340506
0.340506
0.340554
0.340554
0.340554
0.340554
0.340554
0.340602
0.340602
0.34336
0.34336
0.34336
0.34336
0.34336
0.34336
0.34336
0.34336
0.34336
0.343418
0.343418
0.343625
0.343625
0.343625
0.343765
0.343765
0.343824
0.343824
0.343824
0.343875
0.343875
0.344117
0.344117
0.344117
0.344117
0.344491
0.344491
0.344496
0.344496
0.344496
0.344496
0.344509
0.344509
0.344509
0.344544
0.344544
0.344544
0.344544
0.344583
0.344583
0.344583
0.344733
0.345109
0.345123
0.345123
0.345492
0.345492
0.345492
0.345492
0.345492
0.345492
0.345492
0.345492
0.345492
0.345492
0.345492
0.345492
0.345492
0.345492
0.345492
0.345507
0.345507
0.345507
0.345507
0.345507
0.34551
0.34551
0.34551
0.34551
0.34551
0.34551
0.34551
0.34551
0.345671
0.345671
0.345671
0.345671
0.345671
0.345671
0.345682
0.345682
0.345682
0.345682
0.345987
0.345987
0.34599
0.34599
0.346004
0.346004
0.346004
0.346004
0.346011
0.346011
0.346011
0.346011
0.346011
0.346011
0.346011
0.346011
0.346011
0.346011
0.346011
0.347597
0.347601
0.347685
0.347786
0.348054
0.348054
0.348054
0.348054
0.348054
0.348059
0.348059
0.348059
0.348059
0.348059
0.348059
0.348119
0.348142
0.348142
0.348142
0.348144
0.348195
0.348195
0.348195
0.348195
0.348195
0.348195
0.348195
0.348232
0.348232
0.348232
0.348232
0.348232
0.348232
0.348232
0.348232
0.348232
0.348262
0.348273
0.348273
0.349388
0.349388
0.349388
0.349388
0.349388
0.349388
0.349388
0.349389
0.349389
0.349389
0.349389
0.349389
0.349389
0.349389
0.349389
0.349389
0.349389
0.349389
0.349389
0.349389
0.349389
0.349433
0.349433
0.349433
0.350207
0.35023
0.35023
0.35023
0.35023
0.35023
0.350269
0.35027
0.35027
0.35027
0.35027
0.35027
0.35027
0.35027
0.35027
0.350272
0.350272
0.350272
0.350272
0.350272
0.350363
0.350363
0.350504
0.350504
0.350504
0.350504
0.350504
0.350504
0.350504
0.350504
0.350504
0.350504
0.350504
0.350504
0.350513
0.350513
0.350528
0.350528
0.350528
0.350528
0.350528
0.350528
0.350528
0.350528
0.350529
0.350529
0.35053
0.35053
0.350548
0.350548
0.350601
0.350601
0.350619
0.350619
0.350619
0.350619
0.350619
0.350619
0.350619
0.350619
0.350836
0.351492
0.351492
0.351492
0.351492
0.351492
0.351492
0.351492
0.3515
0.3515
0.3515
0.3515
0.3515
0.3515
0.351505
0.351557
0.351657
0.351657
0.351712
0.351752
0.351752
0.351801
0.35262
0.35262
0.352621
0.353062
0.353062
0.353062
0.353062
0.353062
0.353062
0.353062
0.353074
0.353075
0.353111
0.353111
0.353111
0.353111
0.353111
0.353111
0.353111
0.353191
0.353191
0.353191
0.353191
0.353191
0.353191
0.353191
0.353772
0.353772
0.353772
0.353772
0.353786
0.353786
0.353786
0.353786
0.353786
0.353786
0.353786
0.353786
0.353786
0.353936
0.354586
0.354586
0.3547
0.354716
0.354716
0.354716
0.354716
0.354929
0.354934
0.354934
0.355064
0.355082
0.355082
0.355082
0.355082
0.355082
0.355082
0.355082
0.355082
0.355082
0.355082
0.355082
0.355082
0.355082
0.355082
0.355082
0.355085
0.355086
0.355272
0.35541
0.35541
0.355416
0.355416
0.355416
0.355416
0.355416
0.355416
0.355416
0.355527
0.356604
0.356604
0.356604
0.356604
0.356604
0.356609
0.356609
0.356609
0.356609
0.356609
0.356609
0.356619
0.356639
0.356639
0.356639
0.356667
0.356667
0.357629
0.357629
0.357629
0.358239
0.358239
0.358239
0.358239
0.358693
0.358693
0.358694
0.358694
0.359431
0.359431
0.359431
0.35994
0.35994
0.35994
0.359942
0.359946
0.359946
0.360357
0.360362
0.360371
0.360371
0.360371
0.360371
0.360371
0.360371
0.360371
0.360371
0.360371
0.360371
0.360371
0.360371
0.360371
0.360371
0.360372
0.360372
0.360372
0.360375
0.360375
0.360375
0.360376
0.36039
0.36039
0.36039
0.360402
0.360431
0.360431
0.360431
0.360431
0.360973
0.360981
0.360981
0.360981
0.361223
0.361226
0.361404
0.361404
0.361404
0.361404
0.361445
0.361445
0.361445
0.361445
0.361445
0.361445
0.361445
0.361445
0.361445
0.361445
0.361445
0.361447
0.36145
0.36145
0.36145
0.361522
0.361522
0.361522
0.361522
0.361522
0.361527
0.361527
0.361527
0.361535
0.361535
0.361583
0.361583
0.361583
0.361676
0.361676
0.361693
0.361693
0.361693
0.361693
0.361693
0.361693
0.361693
0.361693
0.361693
0.361696
0.361696
0.361698
0.361698
0.361698
0.361698
0.362456
0.362457
0.362457
0.362457
0.362457
0.362457
0.362457
0.362457
0.362637
0.363515
0.363515
0.363515
0.363515
0.363522
0.363522
0.363522
0.363522
0.363522
0.363529
0.363529
0.363529
0.363563
0.363563
0.363563
0.363563
0.363575
0.363577
0.363578
0.363578
0.363578
0.363639
0.363639
0.363639
0.363639
0.363639
0.363949
0.363949
0.363949
0.363949
0.363969
0.364079
0.364079
0.364177
0.364177
0.364186
0.364186
0.364186
0.364186
0.364186
0.364186
0.364186
0.364323
0.364323
0.364323
0.364323
0.364323
0.364323
0.364323
0.364323
0.364331
0.364331
0.364337
0.364337
0.364337
0.364345
0.364345
0.364345
0.364345
0.364345
0.364345
0.364345
0.364345
0.364345
0.364345
0.364345
0.364345
0.364404
0.364404
0.364404
0.364519
0.364529
0.364529
0.364529
0.364529
0.36453
0.36453
0.36453
0.36453
0.364739
0.364739
0.364752
0.364753
0.364753
0.364753
0.364767
0.364774
0.364774
0.364774
0.364774
0.364774
0.364774
0.364774
0.364774
0.364774
0.364774
0.364774
0.364774
0.364774
0.364774
0.364778
0.364778
0.364778
0.364778
0.364778
0.364778
0.364778
0.364804
0.364804
0.364805
0.364805
0.365047
0.365047
0.365047
0.365047
0.365066
0.365066
0.36507
0.36507
0.365072
0.365072
0.365072
0.365072
0.365072
0.365091
0.365091
0.365091
0.365091
0.365093
0.365142
0.365447
0.365447
0.365447
0.365447
0.365447
0.365447
0.365447
0.365447
0.365447
0.365447
0.366818
0.36682
0.36682
0.36682
0.36682
0.36682
0.36682
0.366845
0.366845
0.366845
0.366845
0.366845
0.36796
0.36796
0.36796
0.36796
0.36796
0.36796
0.36796
0.36796
0.367961
0.367961
0.367965
0.367965
0.367965
0.367965
0.367965
0.367965
0.367965
0.367965
0.367968
0.367968
0.367969
0.367969
0.367979
0.367979
0.368274
0.368274
0.368274
0.368274
0.368274
0.368274
0.368274
0.368274
0.368274
0.368274
0.368274
0.368274
0.368379
0.368379
0.368379
0.368379
0.368379
0.368379
0.368379
0.368379
0.368379
0.368379
0.368379
0.368379
0.36838
0.36838
0.36838
0.36838
0.36838
0.36838
0.36838
0.36838
0.36838
0.36838
0.36838
0.36838
0.36838
0.36838
0.36838
0.368695
0.368695
0.368695
0.368695
0.368695
0.368698
0.368698
0.368698
0.368698
0.368698
0.368698
0.368979
0.368979
0.368979
0.368979
0.368979
0.368979
0.368979
0.368979
0.368979
0.368979
0.369122
0.369122
0.369122
0.369133
0.369133
0.369133
0.369133
0.369133
0.369133
0.369133
0.369284
0.369284
0.369284
0.369284
0.369284
0.369284
0.369285
0.369357
0.369357
0.369357
0.369384
0.3694
0.369404
0.369404
0.369404
0.369422
0.369422
0.369422
0.369422
0.369422
0.369422
0.369422
0.369422
0.369422
0.369426
0.369426
0.369426
0.369426
0.369426
0.369426
0.369426
0.369446
0.369446
0.369454
0.369454
0.369454
0.369454
0.369454
0.369525
0.369525
0.369525
0.369525
0.369931
0.369931
0.369943
0.369943
0.369943
0.369956
0.369957
0.369957
0.369963
0.370123
0.370123
0.370123
0.370123
0.370201
0.370203
0.370203
0.370299
0.370301
0.370301
0.370301
0.370314
0.370754
0.370754
0.370754
0.373464
0.373464
0.373464
0.373464
0.373472
0.373472
0.373472
0.373572
0.373636
0.373636
0.37365
0.373724
0.373724
0.373744
0.374542
0.374542
0.374542
0.374542
0.374609
0.374609
0.374609
0.374609
0.374609
0.374609
0.374609
0.374609
0.374609
0.374609
0.374718
0.374718
0.374718
0.374718
0.374718
0.374718
0.374718
0.374718
0.374718
0.374718
0.374718
0.374744
0.374744
0.374744
0.374745
0.374745
0.374746
0.374746
0.374746
0.374746
0.374846
0.374846
0.374854
0.374854
0.374854
0.374854
0.374854
0.374869
0.375065
0.375067
0.375067
0.375067
0.375067
0.375067
0.375067
0.375067
0.375438
0.375438
0.375438
0.375438
0.375438
0.375439
0.375439
0.375475
0.375475
0.375475
0.375476
0.375476
0.375476
0.375479
0.375479
0.375479
0.375479
0.375806
0.375806
0.375806
0.375806
0.375806
0.375806
0.375806
0.375806
0.375806
0.375806
0.375806
0.375806
0.375806
0.375806
0.375806
0.37581
0.37581
0.37581
0.37581
0.37636
0.37636
0.37636
0.37636
0.37636
0.37636
0.37636
0.37636
0.37636
0.37636
0.37636
0.37636
0.37636
0.37636
0.37636
0.37636
0.376374
0.376383
0.376383
0.37639
0.376421
0.376422
0.376424
0.376491
0.376539
0.376539
0.376539
0.376539
0.376539
0.37655
0.376568
0.376568
0.376568
0.376568
0.376598
0.376601
0.376999
0.376999
0.376999
0.377003
0.377003
0.377003
0.377003
0.377003
0.377082
0.377162
0.377162
0.377162
0.377815
0.378461
0.378461
0.378461
0.378461
0.378461
0.378461
0.378461
0.378461
0.378461
0.378461
0.378461
0.378461
0.378461
0.37847
0.37847
0.37847
0.37847
0.37847
0.378488
0.37849
0.37849
0.37849
0.378499
0.378499
0.378499
0.378499
0.378501
0.378501
0.378517
0.378517
0.37852
0.37852
0.37852
0.37857
0.37857
0.37857
0.37857
0.37858
0.37858
0.378583
0.378583
0.378599
0.378599
0.378599
0.378599
0.378599
0.378599
0.378599
0.378599
0.3786
0.3786
0.3786
0.3786
0.378646
0.378652
0.378652
0.378652
0.378652
0.37868
0.378689
0.378689
0.37869
0.37869
0.37869
0.37869
0.378693
0.378693
0.378765
0.378765
0.378765
0.378765
0.378765
0.378786
0.378786
0.378786
0.378786
0.378786
0.378844
0.378844
0.378844
0.378844
0.378844
0.37885
0.37885
0.37891
0.378935
0.378935
0.378935
0.378935
0.378938
0.378963
0.378963
0.378974
0.378974
0.378975
0.378975
0.378975
0.378975
0.378991
0.378991
0.378991
0.378991
0.378991
0.378991
0.379008
0.379011
0.379011
0.379091
0.379109
0.379109
0.379244
0.379244
0.379647
0.379647
0.379647
0.379647
0.379647
0.379795
0.380493
0.380541
0.38069
0.38069
0.380697
0.380697
0.38073
0.380747
0.380747
0.380761
0.380761
0.380761
0.380761
0.380763
0.380764
0.385095
0.385114
0.385124
0.385124
0.385136
0.385136
0.385136
0.385285
0.385289
0.385306
0.385306
0.385308
0.385316
0.385322
0.385322
0.385322
0.385431
0.385431
0.385582
0.385763
0.385763
0.385763
0.385772
0.385802
0.385836
0.386457
0.389071
0.389099
0.389099
0.389588
0.389602
0.389606
0.389606
0.389612
0.389612
0.39077
0.39077
0.39077
0.390846
0.390846
0.390846
0.390847
0.390847
0.393069
0.393241
0.393241
0.393241
0.393241
0.393241
0.395386
0.395386
0.395386
0.395386
0.395386
0.395386
0.395386
0.395386
0.395386
0.395386
0.395388
0.395388
0.395388
0.395388
0.395399
0.3954
0.395442
0.395442
0.395442
0.395442
0.395447
0.395447
0.395447
0.39546
0.395528
0.395528
0.395528
0.395548
0.395552
0.395552
0.395552
0.395553
0.395562
0.395562
0.395562
0.395712
0.395712
0.395712
0.395766
0.395769
0.395769
0.395769
0.395769
0.395769
0.395769
0.395769
0.395769
0.395775
0.395776
0.395776
0.39581
0.39581
0.39581
0.39581
0.39581
0.39581
0.39581
0.395821
0.395864
0.396033
0.396037
0.396038
0.396038
0.396058
0.396058
0.396058
0.396087
0.396124
0.396124
0.396124
0.396147
0.396147
0.39621
0.39621
0.39621
0.39621
0.39621
0.39621
0.39621
0.39621
0.39621
0.39621
0.39621
0.39621
0.396215
0.396222
0.39674
0.39674
0.39674
0.39679
0.39679
0.396834
0.396834
0.396834
0.396834
0.396862
0.396878
0.396878
0.396878
0.396878
0.396885
0.396893
0.396893
0.396893
0.396893
0.396893
0.396893
0.396893
0.396954
0.396954
0.396954
0.396954
0.396954
0.396954
0.397394
0.397641
0.397641
0.397641
0.397641
0.397661
0.397661
0.397679
0.397679
0.397679
0.397679
0.397679
0.397679
0.397679
0.397679
0.39768
0.397683
0.397683
0.397688
0.397688
0.397688
0.397695
0.397695
0.397695
0.397695
0.397695
0.397695
0.398159
0.398435
0.398435
0.398435
0.398435
0.398435
0.398435
0.398435
0.398435
0.398435
0.398435
0.398435
0.398435
0.398435
0.398435
0.398435
0.398435
0.398435
0.398435
0.398435
0.398435
0.398435
0.398435
0.398438
0.398469
0.398469
0.398469
0.398543
0.398543
0.398543
0.398544
0.398544
0.398544
0.398544
0.398544
0.398544
0.398544
0.398544
0.398613
0.399323
0.399323
0.399323
0.399323
0.399323
0.399323
0.399324
0.399324
0.399324
0.399324
0.399324
0.399324
0.399324
0.399324
0.399324
0.399343
0.399343
0.401848
0.401848
0.401848
0.401897
0.401897
0.401897
0.401897
0.401897
0.401897
0.401985
0.401985
0.401985
0.402368
0.402411
0.402413
0.403562
0.403562
0.403562
0.403562
0.403568
0.403568
0.403568
0.403642
0.403642
0.40583
0.40583
0.405832
0.405833
0.405833
0.405833
0.405833
0.405833
0.405848
0.406932
0.406932
0.406932
0.406932
0.406932
0.406932
0.406932
0.40694
0.40694
0.407098
0.407098
0.407169
0.411734
0.411734
0.411734
0.411734
0.411734
0.411734
0.411734
0.411734
0.411734
0.411734
0.411734
0.411734
0.41175
0.41175
0.411838
0.411847
0.411847
0.41185
0.41185
0.411857
0.411857
0.411857
0.411857
0.411857
0.411857
0.411881
0.411881
0.411925
0.412231
0.412233
0.412233
0.412233
0.412233
0.412233
0.412239
0.412253
0.412253
0.412253
0.412293
0.412293
0.412293
0.412293
0.412293
0.412293
0.412293
0.412293
0.412293
0.412293
0.412293
0.412293
0.412989
0.412989
0.412989
0.412989
0.412989
0.412999
0.4145
0.4145
0.415476
0.415476
0.415476
0.415478
0.415478
0.4155
0.4155
0.4155
0.4155
0.4155
0.4155
0.4155
0.415532
0.415532
0.415532
0.415532
0.415532
0.41554
0.415543
0.415543
0.415543
0.415545
0.415716
0.415716
0.415716
0.415716
0.415716
0.415716
0.415716
0.415716
0.415716
0.41572
0.41572
0.415768
0.415768
0.415768
0.416611
0.416655
0.416681
0.416682
0.416682
0.416682
0.416682
0.416682
0.416682
0.416682
0.416683
0.416683
0.416683
0.416694
0.416697
0.418597
0.418597
0.418597
0.418599
0.419532
0.419532
0.419785
0.419785
0.4199
0.4199
0.4199
0.4199
0.4199
0.4199
0.4199
0.4199
0.4199
0.4199
0.4199
0.4199
0.4199
0.4199
0.419949
0.419949
0.419949
0.419965
0.419965
0.419965
0.419965
0.419965
0.419965
0.419965
0.419965
0.419965
0.419965
0.420051
0.420054
0.420173
0.420173
0.42019
0.42019
0.42019
0.420193
0.420193
0.420193
0.420193
0.420193
0.420193
0.420193
0.4202
0.4202
0.4202
0.42025
0.42025
0.420278
0.420281
0.420281
0.420281
0.420696
0.420696
0.420696
0.420697
0.420697
0.420697
0.420697
0.420697
0.420697
0.420697
0.4207
0.4207
0.420703
0.423808
0.423808
0.424852
0.424852
0.424852
0.424852
0.424852
0.424852
0.424852
0.424852
0.424982
0.424982
0.424982
0.424984
0.424986
0.425005
0.425019
0.425019
0.425032
0.425048
0.425048
0.425048
0.425134
0.42564
0.42564
0.425653
0.425653
0.425671
0.425671
0.425671
0.425671
0.425703
0.425703
0.425703
0.42649
0.42649
0.42649
0.42649
0.42649
0.42649
0.42649
0.42649
0.42649
0.42649
0.42649
0.42649
0.42649
0.42649
0.42649
0.42649
0.42649
0.42649
0.429414
0.429414
0.429415
0.429415
0.429415
0.429415
0.429433
0.429433
0.429433
0.429433
0.431644
0.431644
0.431644
0.431644
0.431703
0.431703
0.431703
0.431703
0.431827
0.431827
0.43287
0.43287
0.43287
0.432871
0.432871
0.432871
0.432871
0.432871
0.432871
0.432871
0.433073
0.433078
0.433078
0.433078
0.433078
0.433078
0.433078
0.433078
0.43363
0.43363
0.434252
0.434255
0.434557
0.434671
0.434671
0.434673
0.434673
0.43564
0.435715
0.435715
0.435757
0.435793
0.435875
0.435875
0.435926
0.435926
0.435957
0.435957
0.435957
0.435957
0.435957
0.435957
0.435957
0.437768
0.437768
0.437768
0.437768
0.437875
0.437875
0.437875
0.438563
0.438563
0.438563
0.438563
0.438563
0.438563
0.438563
0.438579
0.438579
0.438579
0.438579
0.438579
0.438579
0.438579
0.438579
0.438579
0.438763
0.438763
0.438776
0.438776
0.438776
0.438776
0.438984
0.439011
0.439077
0.439077
0.439077
0.439077
0.439077
0.439077
0.439077
0.439077
0.439077
0.439077
0.439077
0.439309
0.439312
0.439312
0.439406
0.439406
0.439406
0.439406
0.439406
0.439406
0.439406
0.439406
0.439406
0.439589
0.43964
0.439709
0.43971
0.43971
0.43971
0.43971
0.439712
0.439712
0.439768
0.439768
0.439768
0.439768
0.439768
0.439768
0.439768
0.439768
0.439768
0.439768
0.439768
0.439782
0.439782
0.439782
0.439782
0.439797
0.439797
0.439797
0.439797
0.439965
0.439965
0.440065
0.440065
0.440065
0.440065
0.440065
0.440068
0.440123
0.440132
0.440132
0.440138
0.440138
0.440375
0.440375
0.440375
0.440812
0.440812
0.440812
0.440812
0.440812
0.440812
0.440905
0.441352
0.441352
0.441451
0.441451
0.441451
0.441451
0.441547
0.441547
0.441559
0.441559
0.441559
0.441559
0.441559
0.441559
0.441559
0.441559
0.441559
0.441559
0.441559
0.441559
0.441756
0.441756
0.44177
0.44177
0.44177
0.441802
0.441802
0.441802
0.441802
0.441802
0.441803
0.441803
0.443105
0.443198
0.443213
0.443216
0.443216
0.443239
0.443239
0.443239
0.443239
0.443239
0.443239
0.443239
0.44324
0.443272
0.443272
0.443272
0.443272
0.443273
0.443569
0.443569
0.443569
0.443569
0.443569
0.443569
0.443659
0.443662
0.443662
0.443662
0.443662
0.443662
0.443741
0.443747
0.443747
0.443758
0.443758
0.443854
0.443854
0.443854
0.443854
0.443854
0.443854
0.44484
0.44484
0.444877
0.444878
0.44532
0.445323
0.445323
0.445323
0.445323
0.445323
0.445323
0.445337
0.445337
0.445337
0.445337
0.445337
0.450238
0.450238
0.450238
0.450238
0.450238
0.450437
0.450448
0.450455
0.450455
0.450461
0.450461
0.450471
0.450471
0.450471
0.450471
0.450474
0.450474
0.450474
0.451789
0.451789
0.451789
0.451816
0.452138
0.452138
0.452138
0.452138
0.452728
0.452728
0.452728
0.452728
0.452728
0.452728
0.452728
0.452728
0.452743
0.452743
0.452743
0.45275
0.45275
0.45275
0.45275
0.45275
0.45275
0.45275
0.45275
0.45275
0.452791
0.452791
0.452791
0.452791
0.452791
0.452791
0.453713
0.453849
0.453849
0.453849
0.453849
0.45385
0.45385
0.45385
0.453851
0.453851
0.453856
0.453856
0.453856
0.453956
0.453956
0.453956
0.453956
0.456347
0.456349
0.456349
0.456349
0.456349
0.45635
0.45635
0.456572
0.456572
0.456572
0.456572
0.456572
0.456572
0.456572
0.456573
0.456573
0.456573
0.456573
0.456576
0.456583
0.456583
0.456627
0.456697
0.456697
0.456697
0.456697
0.456697
0.456697
0.456697
0.456697
0.456697
0.456697
0.456697
0.456697
0.456697
0.456697
0.456697
0.456699
0.456699
0.456699
0.456699
0.456699
0.456699
0.456722
0.456722
0.456722
0.456722
0.456722
0.456722
0.45685
0.456882
0.456882
0.456882
0.456882
0.456882
0.456882
0.456882
0.456882
0.456882
0.456882
0.456882
0.456882
0.456882
0.456882
0.456883
0.456887
0.456896
0.456896
0.456896
0.456897
0.456907
0.456907
0.456907
0.456962
0.456962
0.456962
0.456962
0.456962
0.456962
0.456962
0.456962
0.456962
0.456962
0.456962
0.456963
0.456963
0.456963
0.456963
0.456963
0.456963
0.456963
0.456963
0.457029
0.458568
0.458607
0.458607
0.458607
0.458607
0.458607
0.458607
0.458607
0.458607
0.458607
0.458607
0.458607
0.458607
0.458607
0.458607
0.458631
0.458636
0.458636
0.458636
0.458636
0.458636
0.458637
0.458637
0.458637
0.458637
0.458637
0.458638
0.458643
0.458644
0.458644
0.458645
0.458645
0.458645
0.458645
0.458645
0.458645
0.458646
0.458646
0.458647
0.458647
0.458647
0.458647
0.458647
0.458647
0.458647
0.458647
0.458647
0.458647
0.458667
0.458667
0.458669
0.458669
0.458669
0.458669
0.458669
0.458669
0.458669
0.458669
0.458672
0.458672
0.458672
0.458672
0.458672
0.458672
0.458677
0.458677
0.458677
0.458677
0.458677
0.458677
0.458677
0.458677
0.458677
0.458677
0.458677
0.458705
0.458705
0.458705
0.458705
0.458705
0.458705
0.458705
0.458705
0.458791
0.458791
0.458791
0.458905
0.458914
0.458914
0.458914
0.459586
0.459586
0.459586
0.459606
0.45961
0.459614
0.459614
0.459614
0.460118
0.460118
0.460132
0.460132
0.460146
0.460146
0.460146
0.460146
0.460146
0.460146
0.460146
0.460146
0.460152
0.460154
0.460154
0.460154
0.46023
0.46023
0.46023
0.460258
0.46026
0.46026
0.460261
0.460822
0.460971
0.461001
0.461001
0.461001
0.461001
0.461001
0.461001
0.461001
0.461001
0.461001
0.461001
0.461001
0.461001
0.461003
0.461003
0.461003
0.461003
0.461095
0.461199
0.461199
0.461199
0.461254
0.461261
0.462465
0.462465
0.462465
0.462466
0.462466
0.462466
0.464976
0.464976
0.464976
0.464976
0.464976
0.465158
0.465158
0.465171
0.465171
0.465171
0.465171
0.465171
0.465187
0.465531
0.465531
0.465555
0.465555
0.465555
0.465555
0.465555
0.465555
0.465555
0.465555
0.465562
0.465564
0.465564
0.465564
0.465564
0.465564
0.465647
0.465719
0.465719
0.465719
0.465722
0.465722
0.465722
0.465735
0.465768
0.465768
0.465768
0.465768
0.465768
0.465768
0.466377
0.466377
0.466377
0.466377
0.466377
0.466377
0.466377
0.466377
0.466377
0.466377
0.466377
0.466377
0.46638
0.46638
0.466403
0.466403
0.466403
0.466403
0.466403
0.466403
0.466407
0.467117
0.467168
0.467302
0.467302
0.467302
0.467302
0.467302
0.467302
0.46793
0.467942
0.467942
0.467958
0.467958
0.467958
0.467958
0.468398
0.468408
0.468408
0.468446
0.468522
0.468897
0.468897
0.468924
0.469075
0.469075
0.469075
0.469075
0.469075
0.469075
0.469131
0.470078
0.470078
0.470082
0.470082
0.470082
0.470082
0.470082
0.470082
0.470111
0.470111
0.470127
0.470171
0.470171
0.470171
0.470372
0.470372
0.470372
0.470372
0.470374
0.471396
0.471432
0.471432
0.471432
0.471432
0.471451
0.471451
0.471451
0.471862
0.471862
0.471862
0.472032
0.472171
0.472414
0.472424
0.472429
0.472429
0.472429
0.472429
0.472429
0.473642
0.473642
0.473642
0.473642
0.473648
0.473753
0.474009
0.474012
0.474622
0.474625
0.474625
0.474625
0.474625
0.474625
0.474625
0.475635
0.475637
0.475637
0.475637
0.475637
0.475637
0.475637
0.475637
0.475637
0.475637
0.475637
0.475637
0.475637
0.475637
0.476342
0.476344
0.476347
0.476347
0.476347
0.476347
0.476584
0.476584
0.476594
0.476803
0.476929
0.476973
0.476973
0.476973
0.476973
0.476974
0.476974
0.476974
0.476992
0.477194
0.477196
0.477313
0.477313
0.477313
0.477401
0.477401
0.47766
0.478196
0.478196
0.478212
0.478212
0.479168
0.479222
0.479222
0.479247
0.480615
0.480615
0.480617
0.480617
0.480617
0.480617
0.480648
0.480659
0.480659
0.480659
0.480661
0.481197
0.481197
0.481197
0.481437
0.481437
0.481568
0.481568
0.481568
0.481568
0.481568
0.481568
0.481568
0.482087
0.482087
0.482087
0.482087
0.482087
0.482087
0.482087
0.482087
0.482089
0.482089
0.482089
0.482089
0.482089
0.482096
0.482096
0.482465
0.482508
0.482508
0.482508
0.482528
0.48283
0.482928
0.483265
0.483265
0.483265
0.483265
0.483265
0.483451
0.48351
0.483523
0.483536
0.483654
0.483683
0.483683
0.483683
0.483767
0.483767
0.483767
0.483767
0.483767
0.483767
0.483767
0.483769
0.483769
0.483769
0.483777
0.483777
0.483777
0.48379
0.483945
0.484049
0.484049
0.48408
0.484085
0.484085
0.484085
0.484085
0.484085
0.484085
0.484085
0.484085
0.484085
0.484096
0.484096
0.484096
0.484097
0.484097
0.48517
0.48517
0.485217
0.485217
0.485255
0.485255
0.485255
0.485255
0.485255
0.485255
0.485255
0.485255
0.485255
0.485255
0.486889
0.486889
0.486889
0.486889
0.486891
0.486891
0.486897
0.486897
0.486925
0.486925
0.487451
0.487451
0.487451
0.487451
0.487463
0.487463
0.487464
0.487464
0.487466
0.487469
0.487469
0.487469
0.487475
0.487672
0.487672
0.487672
0.487677
0.488048
0.488048
0.488048
0.488098
0.488187
0.488187
0.488187
0.488188
0.488188
0.488188
0.488188
0.488188
0.488188
0.488188
0.488188
0.488188
0.488188
0.488188
0.488188
0.488188
0.488188
0.488202
0.488202
0.488202
0.488202
0.488202
0.488202
0.488202
0.488202
0.48837
0.48837
0.48837
0.48837
0.48837
0.488399
0.4884
0.4884
0.4884
0.489547
0.489738
0.489738
0.489764
0.489847
0.489847
0.489919
0.489919
0.489964
0.489964
0.489964
0.489964
0.489964
0.489964
0.489964
0.489964
0.489964
0.490053
0.490053
0.490053
0.490053
0.490053
0.490053
0.490053
0.490589
0.490589
0.490589
0.490589
0.490589
0.490589
0.490589
0.490589
0.490594
0.490594
0.490686
0.490687
0.490687
0.490687
0.490687
0.490689
0.490689
0.490689
0.490689
0.490689
0.490689
0.490689
0.490689
0.490689
0.490689
0.490689
0.490696
0.490696
0.490696
0.490696
0.490712
0.490719
0.490719
0.491002
0.491002
0.491002
0.491012
0.491012
0.491012
0.491012
0.491012
0.491055
0.491055
0.491055
0.491055
0.491055
0.491055
0.491055
0.491055
0.491055
0.491055
0.491055
0.491055
0.491055
0.491071
0.491071
0.491071
0.491071
0.491084
0.491084
0.491084
0.491084
0.491084
0.491084
0.491104
0.491104
0.491104
0.491104
0.491104
0.491104
0.491104
0.491104
0.491402
0.491402
0.491402
0.491789
0.491789
0.491789
0.491789
0.491794
0.494024
0.494024
0.494024
0.494024
0.494024
0.494024
0.494531
0.494554
0.494557
0.494557
0.494557
0.494557
0.494563
0.494563
0.494563
0.494563
0.494576
0.494576
0.494576
0.494576
0.494576
0.494576
0.494609
0.49508
0.49508
0.49508
0.49508
0.495113
0.495122
0.495122
0.495122
0.49542
0.495619
0.495619
0.495619
0.495619
0.495619
0.497361
0.497361
0.497361
0.497361
0.497361
0.497428
0.497428
0.497526
0.497526
0.497526
0.497526
0.497526
0.497531
0.497531
0.497531
0.497531
0.497531
0.497531
0.497531
0.497531
0.497531
0.497531
0.497531
0.497531
0.497531
0.497531
0.497531
0.497531
0.497531
0.497531
0.497531
0.497531
0.497531
0.497531
0.497531
0.497531
0.497531
0.497531
0.497531
0.497531
0.497531
0.497531
0.497531
0.497531
0.497531
0.497531
0.497531
0.497531
0.497531
0.497531
0.497531
0.497531
0.497531
0.497531
0.497532
0.497571
0.497571
0.497571
0.497571
0.497579
0.497579
0.497579
0.497579
0.497579
0.497579
0.497682
0.497688
0.497787
0.497787
0.497856
0.497897
0.49825
0.49825
0.498257
0.498257
0.498268
0.498269
0.498269
0.498269
0.498367
0.498367
0.498873
0.498873
0.498873
0.498873
0.498993
0.499229
0.499457
0.499457
0.499569
0.499569
0.499569
0.499569
0.499573
0.499573
0.499581
0.499633
0.499633
0.499771
0.499875
0.499875
0.499875
0.499875
0.499875
0.499875
0.499875
0.499875
0.499875
0.499897
0.499899
0.499899
0.499946
0.499946
0.499946
0.499946
0.499946
0.499946
0.499946
0.499946
0.500529
0.500529
0.500616
0.500617
0.500617
0.50187
0.50187
0.50187
0.502051
0.502051
0.502218
0.502218
0.502218
0.502218
0.502218
0.50223
0.50223
0.50223
0.50223
0.50223
0.50223
0.502239
0.505146
0.505146
0.505167
0.505167
0.505171
0.505171
0.505171
0.505171
0.505173
0.505206
0.50521
0.50521
0.505286
0.505287
0.507681
0.507681
0.507684
0.507684
0.507684
0.507712
0.507712
0.508113
0.508113
0.508566
0.509196
0.509196
0.509204
0.509257
0.509257
0.509257
0.509257
0.509257
0.509257
0.509257
0.509257
0.509257
0.509262
0.509262
0.510407
0.510407
0.510425
0.510425
0.510425
0.510425
0.510425
0.510435
0.510435
0.510435
0.510435
0.510435
0.510435
0.510677
0.51072
0.51072
0.51072
0.510734
0.510734
0.510734
0.510734
0.510734
0.510734
0.510745
0.510746
0.510861
0.510863
0.510863
0.510863
0.512431
0.512431
0.512494
0.512505
0.512505
0.512505
0.512505
0.512505
0.512516
0.512516
0.512523
0.512523
0.512523
0.512523
0.512529
0.512529
0.512529
0.512931
0.512931
0.512931
0.512931
0.512932
0.513006
0.513008
0.513022
0.513022
0.513035
0.513035
0.513038
0.514113
0.514128
0.514604
0.514604
0.514604
0.514604
0.514793
0.516959
0.516959
0.516959
0.517043
0.517054
0.517279
0.517279
0.517284
0.517284
0.517284
0.517346
0.517361
0.517361
0.517361
0.517361
0.517361
0.517361
0.517361
0.517913
0.517946
0.518036
0.518088
0.518089
0.518252
0.518252
0.518252
0.518252
0.518252
0.518252
0.518252
0.518252
0.518252
0.519327
0.519327
0.519327
0.519327
0.519327
0.519327
0.519327
0.519327
0.519327
0.519327
0.519327
0.519449
0.519449
0.519449
0.519729
0.519729
0.519729
0.519729
0.519729
0.519729
0.519729
0.519729
0.519729
0.520447
0.520447
0.520447
0.520447
0.520447
0.52055
0.520552
0.520554
0.520554
0.520554
0.520554
0.520554
0.520554
0.520554
0.520554
0.520682
0.520682
0.520682
0.520682
0.520684
0.520684
0.520684
0.520684
0.520684
0.520684
0.520684
0.520684
0.520684
0.520684
0.520684
0.520684
0.520684
0.521193
0.521193
0.521193
0.521193
0.521193
0.521193
0.521195
0.521195
0.521195
0.521195
0.521195
0.521195
0.521195
0.521195
0.521195
0.521195
0.52126
0.52126
0.52126
0.52126
0.52126
0.52126
0.522127
0.522612
0.522612
0.522612
0.52263
0.52263
0.52263
0.52263
0.52263
0.52263
0.52263
0.52263
0.52263
0.522751
0.522914
0.522914
0.522914
0.522937
0.522937
0.522937
0.522937
0.522937
0.522938
0.522938
0.522938
0.522938
0.522938
0.522978
0.522978
0.522978
0.522978
0.523098
0.523098
0.523098
0.523098
0.523098
0.523098
0.523098
0.523349
0.523349
0.523349
0.523349
0.523349
0.523349
0.523349
0.523349
0.52335
0.52335
0.523407
0.523407
0.523407
0.523444
0.523444
0.523444
0.523444
0.523444
0.523444
0.523444
0.523444
0.523444
0.523444
0.523444
0.523448
0.523448
0.523448
0.523448
0.523448
0.523448
0.523448
0.523448
0.523448
0.523448
0.523448
0.523448
0.523448
0.523464
0.523467
0.523467
0.523513
0.524723
0.524723
0.524723
0.524723
0.524723
0.524723
0.524723
0.524723
0.524854
0.524854
0.524854
0.524854
0.524854
0.524994
0.524995
0.524995
0.524995
0.526035
0.526035
0.526035
0.526035
0.526035
0.526035
0.526035
0.526035
0.527619
0.527619
0.527619
0.527619
0.527619
0.527619
0.527619
0.527623
0.527623
0.527675
0.528694
0.528694
0.528694
0.528697
0.528697
0.528697
0.528697
0.528698
0.528698
0.528699
0.528699
0.528699
0.528711
0.528711
0.528717
0.528757
0.528757
0.528757
0.528758
0.528758
0.528891
0.528899
0.528899
0.528937
0.528937
0.528937
0.528937
0.528937
0.528975
0.528999
0.528999
0.529005
0.529005
0.529005
0.529005
0.529006
0.529006
0.529006
0.529006
0.529006
0.529007
0.529007
0.529007
0.529012
0.529012
0.529317
0.529317
0.529317
0.529317
0.529317
0.529958
0.530201
0.530201
0.530201
0.530201
0.530203
0.530206
0.530206
0.530373
0.530373
0.530431
0.530431
0.530431
0.530431
0.530431
0.530467
0.530467
0.530467
0.530838
0.531733
0.531733
0.531733
0.531733
0.531733
0.531791
0.531791
0.532022
0.532022
0.532022
0.532022
0.532022
0.532022
0.532022
0.532024
0.532024
0.532024
0.532151
0.532151
0.532151
0.532151
0.532152
0.532152
0.532158
0.532158
0.532159
0.532159
0.532159
0.532159
0.532201
0.532201
0.532201
0.532205
0.532477
0.532512
0.532512
0.532512
0.532526
0.532526
0.532526
0.532551
0.53256
0.532706
0.532706
0.532706
0.532706
0.532706
0.532706
0.532706
0.532706
0.532706
0.532706
0.532706
0.532706
0.5328
0.5328
0.532802
0.532802
0.532802
0.532802
0.532802
0.532945
0.533015
0.533015
0.533015
0.533019
0.53302
0.53302
0.533021
0.533027
0.533041
0.533041
0.533041
0.533041
0.533043
0.533043
0.533055
0.533068
0.533076
0.533076
0.533076
0.533076
0.533076
0.53314
0.53314
0.53314
0.533141
0.533176
0.533177
0.533177
0.533177
0.533178
0.533347
0.533363
0.533463
0.533463
0.533523
0.533523
0.533525
0.533525
0.533525
0.533531
0.533866
0.533866
0.533885
0.53405
0.53405
0.53405
0.534255
0.534283
0.534283
0.534284
0.534295
0.53431
0.53431
0.53431
0.53431
0.534311
0.534311
0.534321
0.534321
0.534321
0.534323
0.534323
0.534479
0.534479
0.53448
0.534524
0.534524
0.534524
0.534524
0.534524
0.534524
0.534525
0.534525
0.534525
0.534525
0.534525
0.534548
0.534897
0.536372
0.536372
0.536495
0.536496
0.536496
0.536496
0.536496
0.536496
0.536496
0.536496
0.536496
0.536498
0.536508
0.536508
0.536508
0.536508
0.536508
0.536508
0.536518
0.536518
0.536518
0.536518
0.536518
0.536635
0.536635
0.536635
0.536635
0.536635
0.536635
0.536635
0.536635
0.536635
0.536635
0.536635
0.536635
0.536635
0.536635
0.536635
0.536635
0.536635
0.536635
0.536685
0.536685
0.536685
0.536685
0.536685
0.536685
0.536685
0.536685
0.536685
0.537331
0.537336
0.537336
0.537336
0.537336
0.537336
0.537336
0.537336
0.537336
0.537336
0.537336
0.537336
0.537336
0.537336
0.537336
0.537451
0.538212
0.538224
0.538224
0.538224
0.538225
0.538273
0.538273
0.538273
0.53838
0.53838
0.53838
0.53838
0.53838
0.53838
0.53838
0.53838
0.53838
0.53838
0.53838
0.538442
0.538442
0.538442
0.538442
0.538442
0.538442
0.538442
0.538442
0.538442
0.538442
0.538526
0.538526
0.538526
0.538526
0.538526
0.538526
0.538526
0.539265
0.539265
0.539265
0.539265
0.539265
0.539265
0.539265
0.539265
0.53927
0.53927
0.53927
0.53927
0.53927
0.53927
0.539278
0.539278
0.53931
0.539315
0.539316
0.539316
0.539316
0.539316
0.539316
0.539316
0.539316
0.539316
0.539353
0.539501
0.539501
0.539501
0.539501
0.539501
0.539545
0.539545
0.539545
0.540766
0.540766
0.540766
0.540766
0.540766
0.540766
0.540766
0.540809
0.540813
0.540813
0.540813
0.541324
0.541324
0.541324
0.541324
0.541324
0.541375
0.541375
0.541375
0.541375
0.541375
0.541375
0.541375
0.541375
0.541377
0.541377
0.541377
0.541377
0.541377
0.541378
0.541378
0.541378
0.541378
0.541378
0.541378
0.541378
0.541378
0.541378
0.541383
0.541383
0.541441
0.541441
0.542281
0.542281
0.542281
0.542281
0.542281
0.542281
0.542284
0.542284
0.542284
0.542284
0.542284
0.542284
0.542284
0.542284
0.542284
0.542284
0.542284
0.542284
0.542302
0.542304
0.542304
0.542304
0.542304
0.542304
0.542318
0.542318
0.542318
0.542318
0.542318
0.542318
0.542318
0.542318
0.542318
0.542318
0.542318
0.542318
0.542318
0.542318
0.542318
0.542348
0.542348
0.542348
0.542662
0.542662
0.542663
0.542665
0.542804
0.542804
0.542804
0.542804
0.542804
0.542804
0.542804
0.542807
0.542807
0.542807
0.542807
0.542807
0.542807
0.542902
0.542902
0.542966
0.542968
0.542968
0.543136
0.543137
0.543137
0.543137
0.543137
0.543137
0.543137
0.543137
0.543482
0.543482
0.543502
0.543502
0.543502
0.543785
0.543785
0.543785
0.543785
0.543827
0.543828
0.543829
0.543835
0.543835
0.543956
0.543959
0.543959
0.544106
0.544106
0.544132
0.544133
0.544133
0.54418
0.54418
0.54418
0.54418
0.54418
0.54418
0.54418
0.544184
0.544184
0.544184
0.544184
0.544184
0.544184
0.544184
0.544228
0.544228
0.544228
0.544255
0.544255
0.544255
0.544268
0.544268
0.544505
0.544505
0.544505
0.544505
0.544507
0.544507
0.544507
0.544627
0.544629
0.544639
0.544639
0.544639
0.544639
0.544639
0.544639
0.544639
0.544639
0.544642
0.544695
0.544855
0.544962
0.544981
0.545042
0.545042
0.545042
0.545042
0.545042
0.545042
0.545069
0.545069
0.545214
0.545238
0.545249
0.545249
0.545249
0.545249
0.545249
0.545499
0.545499
0.545499
0.545499
0.545499
0.545499
0.545499
0.545518
0.545518
0.545518
0.545518
0.545518
0.545522
0.545522
0.545523
0.545523
0.545523
0.545523
0.545523
0.545525
0.545525
0.546683
0.546683
0.546704
0.546816
0.546822
0.546847
0.546848
0.5469
0.5469
0.546907
0.546907
0.546907
0.546907
0.546907
0.546907
0.54695
0.546955
0.546955
0.546956
0.546956
0.546956
0.546956
0.547079
0.547079
0.547081
0.547081
0.547081
0.547085
0.547085
0.547113
0.54723
0.547384
0.547384
0.547384
0.547384
0.547386
0.547386
0.547386
0.547386
0.547509
0.547509
0.547509
0.547509
0.547509
0.547509
0.547509
0.547509
0.547518
0.547518
0.547518
0.547518
0.547518
0.547521
0.547535
0.547685
0.547685
0.547692
0.547758
0.547758
0.547758
0.547758
0.547797
0.547802
0.547815
0.547815
0.547816
0.547816
0.547816
0.547816
0.547816
0.547816
0.547939
0.547939
0.547939
0.547945
0.547945
0.548058
0.548062
0.548062
0.548062
0.548062
0.548066
0.548066
0.548066
0.548066
0.548066
0.548596
0.548596
0.548609
0.548609
0.548677
0.548677
0.549124
0.549188
0.54933
0.54933
0.549485
0.549485
0.549513
0.550503
0.550503
0.550503
0.550503
0.550506
0.550506
0.550507
0.550507
0.550692
0.550692
0.550877
0.550897
0.550904
0.550904
0.550941
0.550958
0.550958
0.550958
0.550958
0.550959
0.550959
0.550959
0.550959
0.551115
0.551128
0.551128
0.551128
0.55118
0.551789
0.551789
0.551911
0.552006
0.552006
0.552006
0.552006
0.552006
0.552037
0.552041
0.552085
0.552085
0.552108
0.552108
0.552127
0.552375
0.552385
0.552394
0.552897
0.552897
0.552897
0.552897
0.5529
0.552981
0.552981
0.552981
0.552981
0.552981
0.552981
0.554451
0.554795
0.554931
0.554931
0.554931
0.554931
0.554931
0.554939
0.555064
0.555066
0.555066
0.555066
0.555066
0.555067
0.555183
0.556154
0.556154
0.556161
0.556221
0.55634
0.556404
0.556404
0.5569
0.5569
0.556905
0.556911
0.556914
0.556914
0.556914
0.556914
0.556944
0.557036
0.557067
0.557067
0.557067
0.557191
0.557211
0.557211
0.557211
0.557211
0.557224
0.557224
0.557224
0.557224
0.557859
0.557859
0.557859
0.557932
0.557936
0.557936
0.557936
0.557936
0.557951
0.557981
0.558175
0.558175
0.558175
0.558188
0.5582
0.5582
0.5582
0.5582
0.558227
0.558229
0.558261
0.558267
0.558291
0.558291
0.558353
0.558353
0.558353
0.558353
0.558452
0.558744
0.558744
0.558744
0.558744
0.55875
0.558789
0.558789
0.559131
0.559174
0.559174
0.55918
0.559216
0.559222
0.559222
0.559222
0.559222
0.559232
0.559232
0.559232
0.55925
0.55925
0.559302
0.559302
0.559304
0.559347
0.559358
0.559358
0.559358
0.559358
0.559358
0.559586
0.559586
0.559607
0.559608
0.559615
0.559615
0.559615
0.559615
0.559615
0.559619
0.559691
0.559743
0.559743
0.559743
0.560039
0.560039
0.560043
0.560043
0.560043
0.560043
0.560043
0.560081
0.560081
0.560081
0.560081
0.560099
0.560152
0.560152
0.56017
0.56017
0.56019
0.560195
0.560195
0.560195
0.560252
0.560275
0.560275
0.560313
0.560515
0.560515
0.560547
0.560548
0.560608
0.560923
0.560923
0.560939
0.560939
0.561096
0.561096
0.561096
0.561096
0.561096
0.561131
0.561203
0.561203
0.561203
0.561203
0.56121
0.56121
0.56121
0.56121
0.56121
0.561213
0.561263
0.561266
0.561266
0.561271
0.561288
0.561288
0.561288
0.561288
0.561288
0.561407
0.561407
0.561407
0.561407
0.561508
0.562335
0.562335
0.562335
0.562338
0.562338
0.562338
0.562338
0.562453
0.562694
0.562694
0.562757
0.562774
0.562774
0.562988
0.562999
0.562999
0.563001
0.563001
0.563001
0.563009
0.563042
0.563042
0.563042
0.563045
0.56357
0.56357
0.563703
0.563703
0.563703
0.563729
0.563924
0.563924
0.563924
0.563926
0.563926
0.563927
0.564099
0.564099
0.564099
0.564099
0.564099
0.564124
0.564124
0.564142
0.564142
0.564198
0.564354
0.564364
0.564364
0.564364
0.564368
0.564368
0.564368
0.56437
0.564406
0.564407
0.564407
0.564439
0.564471
0.564471
0.564471
0.564493
0.564493
0.564493
0.564973
0.565026
0.565026
0.565028
0.565039
0.565039
0.565041
0.567416
0.567416
0.567416
0.567416
0.567419
0.567475
0.567475
0.567475
0.568398
0.568407
0.568407
0.568407
0.568422
0.568422
0.568422
0.568422
0.568634
0.56881
0.56881
0.56881
0.568813
0.568821
0.568821
0.568878
0.568881
0.568881
0.568905
0.568905
0.569287
0.569287
0.569287
0.569287
0.569287
0.569287
0.569287
0.569966
0.570188
0.570188
0.570274
0.570274
0.570274
0.570274
0.570278
0.570283
0.570283
0.570283
0.570283
0.570283
0.570283
0.570283
0.570294
0.570307
0.570307
0.570307
0.57032
0.570886
0.570964
0.570964
0.571031
0.571078
0.571078
0.571078
0.571078
0.571078
0.571135
0.57138
0.571447
0.571549
0.571549
0.57158
0.57158
0.571674
0.571674
0.571674
0.571674
0.571686
0.571693
0.571693
0.571693
0.571693
0.571693
0.571726
0.571726
0.572849
0.572849
0.572865
0.572865
0.572872
0.572883
0.572883
0.572889
0.572891
0.572904
0.573009
0.573009
0.573012
0.573012
0.573036
0.573037
0.573151
0.573151
0.573151
0.573151
0.573157
0.573984
0.574118
0.574118
0.574159
0.574159
0.574159
0.574167
0.574167
0.574167
0.574268
0.574268
0.574284
0.574284
0.574301
0.574301
0.574477
0.574477
0.574484
0.574598
0.574598
0.574598
0.574598
0.57491
0.574912
0.574912
0.574941
0.574948
0.574986
0.574986
0.575078
0.575078
0.575082
0.575082
0.575082
0.575082
0.575082
0.575082
0.575096
0.575096
0.575182
0.575189
0.57519
0.57519
0.575202
0.575232
0.575385
0.57539
0.575425
0.575544
0.575544
0.575544
0.575546
0.575548
0.575548
0.575574
0.575581
0.575631
0.575631
0.575699
0.575699
0.576031
0.576031
0.576031
0.576032
0.576032
0.576265
0.576275
0.576275
0.576275
0.576275
0.576275
0.576275
0.57634
0.57634
0.576349
0.576357
0.576374
0.576406
0.576406
0.576406
0.576431
0.576445
0.57645
0.57645
0.57645
0.576474
0.576474
0.576487
0.576529
0.576532
0.576532
0.576535
0.576541
0.576541
0.576548
0.578181
0.578181
0.578181
0.578181
0.57856
0.57856
0.578567
0.578567
0.579005
0.579005
0.579005
0.579027
0.57903
0.57903
0.57903
0.579033
0.579043
0.579045
0.579045
0.579046
0.579488
0.5795
0.57956
0.579641
0.579688
0.579688
0.579689
0.579689
0.579689
0.580002
0.580024
0.580024
0.580055
0.580124
0.580124
0.580142
0.5806
0.5806
0.580607
0.580612
0.580613
0.580625
0.580625
0.580625
0.58082
0.580821
0.580821
0.580821
0.580821
0.580821
0.580824
0.580857
0.580857
0.580858
0.58086
0.580867
0.580895
0.580895
0.580948
0.580948
0.580956
0.580963
0.581287
0.581287
0.581287
0.581287
0.581287
0.581336
0.581336
0.581343
0.581343
0.581474
0.581474
0.581484
0.581507
0.581507
0.581507
0.581507
0.581563
0.581563
0.581563
0.581564
0.581588
0.58159
0.581644
0.581646
0.581655
0.581655
0.581655
0.581655
0.581655
0.581662
0.581665
0.581665
0.581686
0.581686
0.581687
0.581702
0.581702
0.581702
0.581875
0.581875
0.58191
0.581911
0.581912
0.581912
0.581912
0.581912
0.581912
0.581912
0.581913
0.581921
0.581921
0.581921
0.581921
0.581921
0.581921
0.581931
0.582247
0.582248
0.582249
0.582299
0.582319
0.58244
0.58244
0.582476
0.582476
0.582476
0.582476
0.582476
0.582476
0.582477
0.582477
0.582477
0.582485
0.58256
0.58256
0.582564
0.582628
0.582628
0.582628
0.582628
0.582628
0.58263
0.582652
0.582671
0.582671
0.582673
0.582673
0.582673
0.582948
0.582948
0.582948
0.582948
0.582948
0.582949
0.582961
0.583011
0.583011
0.583011
0.583011
0.583012
0.5831
0.5831
0.5831
0.583101
0.583112
0.583112
0.583112
0.583451
0.583451
0.583663
0.583663
0.583677
0.583677
0.583677
0.583677
0.583677
0.583677
0.583677
0.583677
0.583677
0.583677
0.583683
0.584227
0.584227
0.584227
0.584849
0.584853
0.584853
0.584931
0.584931
0.584931
0.584931
0.584931
0.584931
0.584931
0.584931
0.584931
0.584931
0.584939
0.584939
0.584939
0.584939
0.584985
0.584985
0.584985
0.584986
0.584986
0.584986
0.585003
0.585003
0.585003
0.585003
0.58612
0.58612
0.586213
0.586213
0.586221
0.586221
0.586243
0.586243
0.586415
0.586415
0.586436
0.586436
0.586436
0.586437
0.586508
0.586508
0.586508
0.586712
0.586761
0.586761
0.586761
0.586772
0.586806
0.586806
0.586806
0.586806
0.586806
0.586806
0.586806
0.586806
0.586809
0.586809
0.586809
0.586809
0.586809
0.586817
0.586817
0.586817
0.586818
0.586818
0.586818
0.587019
0.587019
0.587192
0.587192
0.587193
0.587195
0.587217
0.587217
0.587217
0.587217
0.587217
0.587235
0.587235
0.587235
0.587513
0.587583
0.587583
0.587583
0.587583
0.587583
0.587651
0.587723
0.587723
0.587723
0.587826
0.587826
0.587826
0.587853
0.587853
0.587853
0.587853
0.587853
0.587857
0.587863
0.587863
0.587863
0.587974
0.587974
0.587994
0.587994
0.587994
0.587995
0.587995
0.587995
0.588021
0.588295
0.588295
0.588297
0.588331
0.588331
0.588331
0.588331
0.588331
0.588331
0.588331
0.588331
0.588331
0.588331
0.588342
0.588614
0.588757
0.588757
0.588757
0.588758
0.58877
0.588775
0.588798
0.588799
0.588799
0.588805
0.588816
0.58905
0.58905
0.58905
0.589058
0.589058
0.589141
0.589141
0.589142
0.589147
0.589147
0.589147
0.589147
0.589147
0.589149
0.589155
0.589155
0.589155
0.589155
0.589275
0.589275
0.589278
0.589335
0.589335
0.589486
0.589486
0.589495
0.589497
0.58985
0.58985
0.58985
0.589885
0.589885
0.589887
0.589901
0.589901
0.589996
0.589996
0.59
0.59
0.59
0.590009
0.590009
0.590009
0.590015
0.590022
0.590121
0.590121
0.590121
0.590121
0.590126
0.590127
0.590127
0.590175
0.590179
0.590234
0.590266
0.590268
0.590268
0.590268
0.590271
0.590271
0.590276
0.590321
0.590321
0.590416
0.590416
0.590416
0.590416
0.590446
0.59054
0.590569
0.590822
0.590843
0.59089
0.590895
0.590896
0.590896
0.590897
0.590908
0.590975
0.590975
0.591376
0.591376
0.592343
0.592343
0.592343
0.592354
0.592354
0.592356
0.592356
0.592356
0.592356
0.592356
0.592356
0.592361
0.592361
0.592362
0.592363
0.592369
0.592369
0.592382
0.592418
0.593137
0.593137
0.593137
0.593141
0.593141
0.593172
0.59318
0.593186
0.593186
0.593186
0.593186
0.593188
0.593188
0.593245
0.593575
0.593575
0.593575
0.593575
0.593575
0.593579
0.593611
0.593611
0.593718
0.593718
0.593792
0.593792
0.593792
0.593792
0.593792
0.593792
0.59403
0.59403
0.59403
0.59403
0.59403
0.59403
0.59403
0.594048
0.59407
0.59407
0.59407
0.59407
0.59407
0.59407
0.594071
0.594073
0.594073
0.594083
0.594083
0.594083
0.594087
0.594094
0.594115
0.594118
0.594118
0.594131
0.594132
0.594138
0.594138
0.594138
0.594168
0.594168
0.594207
0.594215
0.594215
0.594215
0.594215
0.594215
0.594215
0.594216
0.594216
0.594217
0.594217
0.59442
0.59445
0.59445
0.594454
0.594458
0.594458
0.594458
0.59454
0.594547
0.594547
0.594551
0.594592
0.594597
0.594607
0.594628
0.594628
0.594628
0.594628
0.594628
0.594669
0.594669
0.594669
0.594669
0.594685
0.594686
0.594686
0.59484
0.594844
0.594849
0.594852
0.594852
0.594852
0.594858
0.594973
0.594998
0.595072
0.595527
0.595527
0.595527
0.595527
0.595527
0.596373
0.596386
0.596394
0.596586
0.596589
0.596589
0.596602
0.596605
0.596608
0.596608
0.596608
0.596755
0.596786
0.596786
0.596786
0.596786
0.596875
0.596933
0.597081
0.597093
0.597093
0.597106
0.597188
0.597188
0.597188
0.597188
0.597205
0.59727
0.59727
0.59727
0.597274
0.597296
0.597296
0.597415
0.59746
0.597669
0.597669
0.597669
0.597669
0.597669
0.597669
0.597669
0.597672
0.597672
0.597672
0.597674
0.597674
0.597737
0.597737
0.597781
0.597795
0.597809
0.597834
0.597906
0.597906
0.598134
0.598136
0.598229
0.598243
0.598243
0.598248
0.598344
0.598414
0.598414
0.598643
0.598643
0.598772
0.598829
0.598833
0.598871
0.598871
0.598871
0.599014
0.599014
0.599056
0.599056
0.599056
0.59929
0.599454
0.599454
0.599455
0.59971
0.599823
0.599828
0.599859
0.599859
0.599859
0.599859
0.599918
0.599918
0.599945
0.599947
0.599947
0.599947
0.599947
0.599956
0.599999
0.600519
0.60054
0.60054
0.600658
0.600661
0.600688
0.60092
0.60092
0.60092
0.60092
0.60092
0.60092
0.60092
0.600925
0.600926
0.601457
0.601488
0.601494
0.601494
0.601494
0.601505
0.601509
0.601594
0.601629
0.601679
0.601817
0.601882
0.601882
0.601882
0.601882
0.601882
0.601882
0.601882
0.601909
0.602027
0.602091
0.602095
0.602115
0.60212
0.60212
0.602122
0.60222
0.60222
0.602224
0.602224
0.602224
0.602265
0.602632
0.602654
0.602688
0.602688
0.602688
0.602688
0.602692
0.602692
0.60273
0.60273
0.60273
0.60283
0.60283
0.60283
0.60283
0.603075
0.60308
0.603082
0.603862
0.603871
0.603871
0.603898
0.603927
0.603927
0.60396
0.60396
0.60396
0.603961
0.603961
0.603974
0.603991
0.6043
0.6043
0.604606
0.604606
0.604606
0.604606
0.605054
0.605055
0.605055
0.605055
0.605112
0.605112
0.605112
0.605232
0.605232
0.605232
0.605232
0.605232
0.605424
0.605426
0.605426
0.605426
0.605426
0.605433
0.605433
0.605433
0.605433
0.605477
0.605489
0.605489
0.605489
0.605489
0.605489
0.605502
0.60551
0.605529
0.605529
0.605557
0.605559
0.605559
0.605559
0.605559
0.605616
0.605616
0.605616
0.605666
0.605666
0.605668
0.605691
0.605691
0.605691
0.605691
0.605691
0.605691
0.605691
0.605701
0.605701
0.605714
0.605714
0.605714
0.605714
0.605714
0.605714
0.605714
0.605714
0.605728
0.605728
0.605737
0.605737
0.605737
0.605737
0.605737
0.605737
0.605737
0.605737
0.605737
0.605737
0.605737
0.605737
0.605737
0.605737
0.605737
0.605737
0.605737
0.605737
0.605737
0.605737
0.605737
0.605737
0.60574
0.60574
0.60574
0.60574
0.60574
0.60574
0.605741
0.605741
0.605939
0.605939
0.605939
0.60594
0.60594
0.60595
0.605952
0.605952
0.605952
0.605952
0.605952
0.605952
0.606012
0.606012
0.606012
0.606012
0.606012
0.606012
0.606012
0.606012
0.606012
0.606012
0.606012
0.606012
0.606012
0.606024
0.606024
0.606431
0.606696
0.606696
0.606717
0.606717
0.606717
0.606717
0.606717
0.606717
0.606717
0.60672
0.60672
0.60672
0.60672
0.60672
0.60672
0.60672
0.60672
0.60672
0.60672
0.606738
0.606738
0.606738
0.606738
0.606738
0.606738
0.606738
0.606738
0.606738
0.606738
0.606738
0.606874
0.606874
0.606874
0.606874
0.606934
0.606934
0.607158
0.607158
0.607418
0.607418
0.60754
0.607541
0.607541
0.607543
0.607543
0.607543
0.607543
0.607543
0.607543
0.607616
0.607616
0.607616
0.607616
0.607616
0.607616
0.607616
0.607616
0.607616
0.60763
0.607731
0.607731
0.607795
0.607795
0.607795
0.607795
0.607795
0.607795
0.607938
0.607938
0.607938
0.607938
0.607973
0.608028
0.608028
0.608028
0.608028
0.608028
0.608028
0.608028
0.608028
0.608028
0.608028
0.608028
0.608028
0.608049
0.608065
0.608074
0.608075
0.608075
0.608075
0.608075
0.608075
0.6081
0.6081
0.6081
0.6081
0.6081
0.608101
0.608101
0.608101
0.608106
0.608107
0.608107
0.608108
0.608114
0.608114
0.608167
0.608167
0.608177
0.608268
0.608268
0.608303
0.608304
0.608356
0.608378
0.608404
0.608462
0.608464
0.608501
0.608501
0.608512
0.608513
0.608513
0.608533
0.608536
0.608536
0.608536
0.608541
0.608541
0.608603
0.60878
0.608792
0.608792
0.608792
0.608796
0.608805
0.608823
0.608907
0.608907
0.60938
0.60938
0.60938
0.60938
0.60938
0.609381
0.609405
0.609406
0.60945
0.60945
0.609455
0.609457
0.609457
0.609457
0.609458
0.609458
0.609471
0.609477
0.609477
0.609477
0.609496
0.609498
0.609508
0.609509
0.609514
0.609514
0.609517
0.609517
0.609522
0.60964
0.60964
0.609648
0.609861
0.609861
0.609861
0.609882
0.609882
0.609882
0.609882
0.609883
0.609883
0.609889
0.609907
0.609908
0.609917
0.610063
0.610063
0.610064
0.610064
0.610064
0.610127
0.61014
0.61014
0.61014
0.610176
0.610188
0.610188
0.610204
0.610251
0.61034
0.610354
0.610354
0.610354
0.610354
0.610354
0.610436
0.610436
0.61052
0.61052
0.61052
0.61052
0.61052
0.61052
0.610549
0.610558
0.610558
0.61056
0.61056
0.61056
0.61056
0.610563
0.610563
0.610563
0.610791
0.610792
0.610792
0.610808
0.610808
0.610809
0.610809
0.61081
0.61081
0.61081
0.61081
0.61081
0.610817
0.610817
0.610824
0.610824
0.610866
0.610866
0.610866
0.610872
0.610872
0.610948
0.610948
0.610949
0.610959
0.610959
0.610962
0.610962
0.610998
0.610998
0.610998
0.611
0.611
0.611023
0.611023
0.611062
0.611062
0.611062
0.611062
0.611072
0.611072
0.611072
0.611072
0.611109
0.611109
0.611112
0.611113
0.611113
0.611144
0.611144
0.611144
0.611148
0.611148
0.611148
0.611148
0.611148
0.611172
0.611172
0.611172
0.611172
0.611322
0.611327
0.611327
0.611327
0.611327
0.611327
0.611395
0.611395
0.611395
0.611589
0.611594
0.611616
0.611616
0.611616
0.611617
0.611617
0.611626
0.611627
0.611627
0.611627
0.611633
0.611633
0.611678
0.611678
0.611679
0.611679
0.611679
0.61168
0.612313
0.612313
0.612313
0.612313
0.612313
0.612334
0.612394
0.612421
0.612442
0.612442
0.612453
0.612508
0.612515
0.612515
0.612525
0.612525
0.612525
0.612525
0.612525
0.612529
0.612552
0.61263
0.61267
0.612696
0.612697
0.612697
0.612697
0.61273
0.612768
0.612768
0.612902
0.612902
0.612945
0.612945
0.612989
0.613006
0.61302
0.61302
0.613061
0.613061
0.613067
0.613067
0.613068
0.613068
0.613068
0.613069
0.613069
0.61313
0.613131
0.613166
0.613249
0.613249
0.613249
0.61325
0.61325
0.61325
0.61325
0.613348
0.613348
0.613348
0.613356
0.613365
0.613365
0.613376
0.613376
0.613376
0.613392
0.613392
0.613393
0.613394
0.613431
0.613464
0.613464
0.613509
0.613509
0.613509
0.6138
0.613841
0.613841
0.613841
0.613841
0.613841
0.613841
0.613845
0.613892
0.613978
0.614101
0.614107
0.614107
0.614107
0.61411
0.61411
0.61411
0.61411
0.61411
0.614192
0.614193
0.614193
0.614193
0.614193
0.614193
0.614208
0.614477
0.614477
0.614477
0.614477
0.614479
0.614664
0.614664
0.614676
0.614676
0.614679
0.614679
0.61469
0.614718
0.614721
0.614721
0.614741
0.614741
0.614741
0.614764
0.614766
0.614829
0.614829
0.614829
0.614829
0.614832
0.614832
0.614832
0.614833
0.614857
0.614857
0.614857
0.614857
0.614857
0.614911
0.614912
0.614912
0.614912
0.614912
0.614938
0.614947
0.614949
0.614964
0.614964
0.614967
0.615024
0.615024
0.615024
0.615024
0.615024
0.615142
0.615209
0.615218
0.615225
0.61523
0.61523
0.615239
0.615239
0.615241
0.615241
0.615241
0.615241
0.615241
0.615241
0.615244
0.615244
0.615249
0.615249
0.615253
0.615253
0.615253
0.615253
0.615258
0.615263
0.615263
0.615266
0.61528
0.61528
0.615307
0.615349
0.615357
0.615365
0.615393
0.615393
0.615393
0.615393
0.615393
0.615393
0.615393
0.615415
0.615415
0.615415
0.615415
0.615415
0.615484
0.615484
0.615484
0.615484
0.615484
0.615484
0.615484
0.615484
0.616723
0.616724
0.616724
0.616724
0.616724
0.616724
0.616918
0.616924
0.616924
0.616924
0.616948
0.616948
0.616948
0.616948
0.616948
0.616967
0.61697
0.61697
0.616975
0.616975
0.616977
0.616986
0.616986
0.616987
0.616987
0.61715
0.617152
0.617152
0.617152
0.617152
0.617153
0.617153
0.617237
0.617238
0.617238
0.617451
0.617451
0.61746
0.61746
0.617472
0.617472
0.617487
0.617488
0.617559
0.617559
0.617559
0.617559
0.617559
0.61756
0.61756
0.61757
0.61757
0.61757
0.617573
0.617604
0.617623
0.617627
0.617627
0.617627
0.617627
0.617627
0.617627
0.617627
0.617628
0.617628
0.617628
0.617628
0.617639
0.617673
0.617712
0.617719
0.617721
0.617801
0.617803
0.617891
0.617891
0.617924
0.617925
0.617925
0.618113
0.618114
0.618114
0.618114
0.618116
0.618116
0.618118
0.618118
0.618197
0.618199
0.618202
0.618205
0.618205
0.618215
0.618266
0.618266
0.618281
0.618281
0.618281
0.618281
0.618281
0.618283
0.618283
0.618283
0.618283
0.618286
0.618286
0.618326
0.618326
0.618326
0.618326
0.618331
0.618428
0.618431
0.618431
0.618431
0.618431
0.618431
0.618431
0.618431
0.618431
0.618442
0.618442
0.618459
0.618479
0.618574
0.618574
0.618905
0.618953
0.618962
0.618962
0.618962
0.618962
0.618962
0.618962
0.618991
0.618992
0.619002
0.61901
0.61901
0.61901
0.61901
0.619018
0.619018
0.619018
0.619018
0.619029
0.619029
0.619029
0.619029
0.619059
0.619059
0.619063
0.619063
0.619063
0.619063
0.619063
0.619067
0.619067
0.619067
0.619068
0.619068
0.619068
0.619068
0.61907
0.61907
0.619145
0.619148
0.619148
0.619148
0.619289
0.619289
0.619289
0.619289
0.619376
0.619376
0.619376
0.619376
0.619376
0.619377
0.619377
0.619377
0.619377
0.619454
0.619454
0.619454
0.619454
0.619454
0.619506
0.619506
0.619506
0.619506
0.61951
0.619516
0.61952
0.61952
0.61952
0.61952
0.619521
0.619526
0.619526
0.61953
0.61953
0.619547
0.619547
0.619548
0.619548
0.619548
0.619548
0.619548
0.619551
0.619551
0.619551
0.619553
0.619553
0.619553
0.619553
0.619553
0.619578
0.619578
0.619578
0.619578
0.619578
0.619578
0.619578
0.619587
0.619587
0.619587
0.619587
0.619587
0.619587
0.619587
0.619615
0.619615
0.619615
0.619615
0.619615
0.619616
0.619616
0.61969
0.61969
0.61969
0.61969
0.61969
0.61969
0.61969
0.61969
0.619737
0.619738
0.619738
0.619738
0.619738
0.62006
0.62006
0.62006
0.62006
0.62006
0.62006
0.62006
0.62006
0.62006
0.62006
0.62006
0.62006
0.62006
0.620062
0.620062
0.620062
0.620062
0.620072
0.620072
0.620072
0.620072
0.620072
0.620072
0.620072
0.620072
0.620072
0.620072
0.620072
0.620629
0.620632
0.620635
0.620635
0.620635
0.620635
0.620635
0.620635
0.620635
0.620635
0.621029
0.621029
0.621029
0.621029
0.621029
0.621029
0.621029
0.621029
0.621029
0.621029
0.62103
0.62103
0.62103
0.62103
0.62103
0.621032
0.621032
0.621032
0.621032
0.621032
0.621032
0.621032
0.621032
0.621046
0.621046
0.621046
0.621046
0.621046
0.621046
0.621047
0.621047
0.621047
0.621116
0.621116
0.621243
0.621248
0.62125
0.62125
0.62125
0.62125
0.62125
0.62125
0.62125
0.62125
0.62125
0.62125
0.62125
0.62125
0.62125
0.62125
0.62125
0.62125
0.62125
0.621252
0.621267
0.621393
0.621393
0.621393
0.621393
0.621393
0.621393
0.621393
0.621393
0.621393
0.621393
0.621393
0.621393
0.621393
0.621393
0.621396
0.621453
0.621453
0.621453
0.621453
0.621522
0.621522
0.621522
0.621522
0.621522
0.621522
0.621783
0.621786
0.621944
0.621952
0.621952
0.621954
0.621954
0.621968
0.621968
0.621968
0.62291
0.62291
0.622976
0.622976
0.623031
0.623031
0.623031
0.623031
0.623031
0.623031
0.623031
0.623105
0.623105
0.623105
0.623105
0.62347
0.623472
0.623472
0.623513
0.623613
0.623613
0.623613
0.623613
0.623613
0.623666
0.623666
0.623699
0.623699
0.623699
0.623699
0.623699
0.623699
0.623699
0.623699
0.623703
0.623703
0.623703
0.623703
0.623732
0.623732
0.623928
0.623928
0.623928
0.623928
0.623961
0.623962
0.623962
0.623962
0.623962
0.623962
0.623962
0.623975
0.623983
0.623985
0.623985
0.623985
0.623985
0.623985
0.624126
0.624126
0.624129
0.624129
0.624129
0.624131
0.624131
0.624142
0.624142
0.624142
0.624142
0.624142
0.624142
0.624142
0.624142
0.625081
0.625081
0.625084
0.625085
0.625092
0.625216
0.625216
0.625396
0.625397
0.625397
0.625404
0.625416
0.625416
0.625432
0.625432
0.626491
0.626491
0.626491
0.626491
0.626491
0.626625
0.626625
0.626625
0.626625
0.626625
0.626625
0.626702
0.626702
0.626702
0.626702
0.626702
0.626704
0.626704
0.626704
0.626712
0.626739
0.626747
0.626747
0.626749
0.62738
0.62738
0.627426
0.627426
0.627426
0.627426
0.627428
0.627428
0.627428
0.62743
0.62743
0.62743
0.62743
0.627884
0.627884
0.627884
0.627884
0.627884
0.627904
0.627904
0.627904
0.628346
0.628362
0.628362
0.628362
0.628403
0.628415
0.62842
0.62842
0.628936
0.628936
0.628936
0.628937
0.628944
0.628944
0.628944
0.628944
0.628944
0.62897
0.628982
0.628982
0.628982
0.628985
0.629001
0.629002
0.629006
0.629009
0.629009
0.629009
0.629009
0.629009
0.629009
0.62901
0.62901
0.62901
0.629015
0.629022
0.629022
0.629026
0.629026
0.629026
0.629026
0.629026
0.629026
0.629026
0.629033
0.629033
0.629035
0.629036
0.629036
0.629036
0.629042
0.629042
0.629047
0.629115
0.629115
0.629115
0.629115
0.629115
0.629115
0.629115
0.62915
0.62915
0.62915
0.62915
0.62915
0.62915
0.629153
0.629153
0.629153
0.629153
0.629153
0.629153
0.629155
0.629188
0.629188
0.629188
0.629188
0.629353
0.629372
0.629372
0.629372
0.629375
0.62955
0.62955
0.62955
0.62955
0.629572
0.629575
0.629578
0.629578
0.629578
0.629579
0.629579
0.629579
0.629587
0.629614
0.629621
0.629621
0.629624
0.629624
0.629624
0.629624
0.629624
0.629624
0.629624
0.629625
0.629625
0.629625
0.629625
0.629625
0.629628
0.629632
0.629632
0.629632
0.629632
0.629632
0.629692
0.629693
0.629776
0.629776
0.629776
0.629824
0.629825
0.629825
0.629838
0.629838
0.629838
0.629838
0.629908
0.629908
0.629908
0.629999
0.629999
0.629999
0.630041
0.630041
0.630041
0.630041
0.630041
0.630041
0.63005
0.630291
0.630291
0.630291
0.630553
0.630553
0.630581
0.630621
0.630648
0.63065
0.630654
0.630948
0.631005
0.631005
0.631039
0.631039
0.631056
0.631056
0.631246
0.631262
0.631262
0.631431
0.631431
0.631431
0.631431
0.631431
0.631431
0.631431
0.631431
0.631453
0.631453
0.631453
0.631453
0.631488
0.631496
0.631497
0.631508
0.63154
0.632073
0.632078
0.632078
0.632328
0.63234
0.632399
0.632399
0.632399
0.632419
0.632452
0.632452
0.632464
0.632598
0.632598
0.6326
0.6326
0.6326
0.632604
0.633326
0.633326
0.63337
0.63337
0.63337
0.633386
0.633386
0.633386
0.633388
0.633408
0.633408
0.633408
0.633408
0.63346
0.633463
0.633463
0.633463
0.633463
0.633474
0.633476
0.633476
0.633476
0.633476
0.633479
0.633482
0.633482
0.63359
0.63359
0.633774
0.633782
0.633782
0.633782
0.63379
0.633791
0.633791
0.633791
0.633931
0.633931
0.633931
0.633933
0.633935
0.633935
0.633936
0.633976
0.633976
0.634118
0.634143
0.634309
0.634325
0.634325
0.634405
0.634408
0.634409
0.63441
0.63441
0.634411
0.634411
0.634411
0.634411
0.634415
0.634416
0.634416
0.634417
0.634417
0.634417
0.634417
0.634505
0.634508
0.634508
0.634508
0.634508
0.634508
0.634509
0.634532
0.634532
0.634547
0.634547
0.634547
0.634547
0.634547
0.634548
0.634576
0.634576
0.634576
0.634576
0.634576
0.634577
0.634577
0.634577
0.634589
0.634589
0.634589
0.634589
0.634589
0.63459
0.63459
0.63459
0.634596
0.634604
0.634605
0.634636
0.634636
0.634636
0.634636
0.634648
0.634654
0.635189
0.635189
0.635236
0.635239
0.635239
0.635261
0.635261
0.635261
0.635558
0.635566
0.635566
0.635568
0.635568
0.635568
0.635568
0.635578
0.635578
0.635578
0.63559
0.63559
0.63559
0.635603
0.635603
0.635659
0.635659
0.635659
0.635659
0.63568
0.63568
0.63568
0.63568
0.636057
0.636057
0.636057
0.636057
0.636058
0.636058
0.636058
0.636058
0.636058
0.636058
0.636058
0.636096
0.636096
0.636121
0.636121
0.636169
0.636169
0.63617
0.636204
0.636205
0.636205
0.636205
0.636205
0.636237
0.636237
0.636288
0.636349
0.636796
0.636796
0.636796
0.636864
0.636864
0.636952
0.636996
0.636996
0.636996
0.636996
0.636996
0.636996
0.636996
0.636997
0.637016
0.637016
0.637016
0.637016
0.637016
0.637016
0.637016
0.637016
0.637016
0.637016
0.637016
0.637016
0.637016
0.637016
0.637016
0.637016
0.637016
0.637016
0.637016
0.637016
0.637016
0.637016
0.637016
0.637016
0.637077
0.637077
0.637077
0.637077
0.637077
0.637077
0.637158
0.637158
0.637158
0.637158
0.637158
0.637158
0.637158
0.637158
0.637158
0.637158
0.637158
0.637158
0.637158
0.637158
0.637158
0.637158
0.637158
0.637158
0.637158
0.637161
0.637161
0.637161
0.637161
0.637161
0.637161
0.637884
0.637884
0.637884
0.637884
0.637884
0.637884
0.637884
0.637884
0.637884
0.63789
0.63789
0.637891
0.637891
0.637891
0.637891
0.637891
0.637891
0.637892
0.637892
0.637892
0.637892
0.637892
0.638015
0.638015
0.638431
0.638507
0.638507
0.63852
0.63852
0.63852
0.638702
0.638702
0.638702
0.638702
0.638702
0.63876
0.63876
0.63876
0.63876
0.63876
0.638761
0.638761
0.638761
0.638761
0.638761
0.638835
0.638835
0.638835
0.638835
0.638835
0.638835
0.638955
0.638955
0.638962
0.638962
0.638994
0.638994
0.638994
0.638994
0.638997
0.639004
0.639004
0.639047
0.639052
0.639053
0.639053
0.639053
0.639053
0.639053
0.639053
0.639053
0.639067
0.639067
0.639068
0.639427
0.639427
0.639427
0.639445
0.639473
0.639473
0.639502
0.639502
0.639507
0.639507
0.639507
0.639507
0.639507
0.639507
0.639507
0.639509
0.639509
0.639509
0.639509
0.639509
0.63951
0.639612
0.639612
0.639612
0.639612
0.639612
0.639612
0.639612
0.639612
0.639612
0.639612
0.639612
0.639612
0.639612
0.639612
0.639612
0.639612
0.639612
0.639612
0.639612
0.639612
0.639627
0.639627
0.639661
0.639665
0.639665
0.639668
0.639685
0.639689
0.639777
0.639787
0.639791
0.639792
0.639792
0.639795
0.639798
0.639798
0.640552
0.64073
0.64073
0.640732
0.640732
0.640741
0.640741
0.640741
0.640741
0.640741
0.640741
0.641274
0.641274
0.641276
0.641276
0.641276
0.641276
0.641276
0.641276
0.641276
0.641276
0.641276
0.641292
0.641292
0.641296
0.641308
0.641308
0.64131
0.641364
0.641365
0.641365
0.641365
0.641365
0.641365
0.641365
0.641365
0.641365
0.641365
0.64138
0.64138
0.64138
0.64138
0.64138
0.641387
0.641387
0.641391
0.641391
0.641397
0.641397
0.641397
0.641397
0.641397
0.641397
0.641398
0.641398
0.641398
0.641398
0.641398
0.642418
0.642418
0.642419
0.642419
0.642439
0.642439
0.642483
0.642499
0.642504
0.642504
0.642506
0.642578
0.642578
0.642579
0.642665
0.642665
0.642665
0.642667
0.642667
0.642667
0.642672
0.642673
0.64268
0.64268
0.64268
0.64268
0.64268
0.64268
0.642682
0.642682
0.642682
0.642786
0.642786
0.642786
0.642786
0.642786
0.642787
0.642787
0.642787
0.642788
0.642797
0.642797
0.642797
0.642797
0.642865
0.642865
0.642865
0.642874
0.642874
0.642874
0.642874
0.642874
0.642874
0.642874
0.642874
0.642875
0.64288
0.64288
0.64288
0.64288
0.642882
0.642882
0.642883
0.642892
0.642892
0.642892
0.642904
0.642912
0.643037
0.643039
0.643047
0.643047
0.643047
0.643047
0.643065
0.643065
0.643065
0.643065
0.643065
0.64313
0.64313
0.643131
0.643131
0.643131
0.643131
0.643131
0.643131
0.643131
0.643147
0.643147
0.643147
0.643147
0.643147
0.64318
0.64318
0.64318
0.643182
0.643182
0.643302
0.643302
0.643302
0.643302
0.643308
0.643308
0.643332
0.643333
0.643333
0.643333
0.643339
0.643339
0.643341
0.643529
0.64353
0.64353
0.64353
0.64353
0.643536
0.64611
0.64611
0.64611
0.64611
0.646115
0.646115
0.646118
0.646118
0.646118
0.646118
0.646118
0.646119
0.646119
0.646142
0.646143
0.646144
0.646144
0.646307
0.646307
0.646384
0.646384
0.646416
0.646456
0.646456
0.646456
0.646461
0.646461
0.646468
0.646468
0.646474
0.646474
0.646474
0.646474
0.646525
0.646525
0.64654
0.646581
0.646596
0.646598
0.646624
0.646624
0.646652
0.646664
0.646668
0.64667
0.64667
0.64667
0.64667
0.64667
0.64667
0.646677
0.646685
0.646685
0.646712
0.646712
0.646751
0.646751
0.646751
0.646751
0.646768
0.646846
0.646846
0.646846
0.646846
0.64686
0.64686
0.64686
0.646865
0.646882
0.646893
0.646893
0.646896
0.646897
0.646904
0.646975
0.646999
0.647003
0.647003
0.647003
0.647064
0.647069
0.647069
0.647084
0.647084
0.647213
0.647213
0.647219
0.647219
0.647219
0.647219
0.647219
0.647406
0.647407
0.647417
0.647417
0.647417
0.647417
0.647417
0.647417
0.647417
0.647417
0.647417
0.647417
0.647434
0.647434
0.647434
0.647434
0.647535
0.647535
0.647536
0.647536
0.647536
0.647536
0.647536
0.647536
0.647536
0.647542
0.647605
0.647606
0.64761
0.64761
0.64761
0.647715
0.647715
0.647776
0.647855
0.647884
0.647884
0.647887
0.647911
0.648025
0.648025
0.648083
0.648083
0.648088
0.648088
0.648088
0.648088
0.64849
0.64849
0.648493
0.648494
0.648494
0.648494
0.648524
0.648524
0.648527
0.648527
0.648527
0.648547
0.648547
0.648547
0.648547
0.648547
0.648547
0.648686
0.648686
0.648689
0.648689
0.648689
0.648689
0.648689
0.64869
0.64869
0.64869
0.64869
0.648732
0.648736
0.648736
0.648745
0.648745
0.648745
0.648745
0.648745
0.648745
0.648745
0.648746
0.648746
0.648746
0.648778
0.648778
0.64878
0.648812
0.648812
0.648813
0.648994
0.648994
0.648995
0.649011
0.649011
0.649011
0.649011
0.649012
0.649125
0.649126
0.649133
0.649136
0.649136
0.649136
0.649136
0.649136
0.64915
0.649172
0.649172
0.649196
0.649213
0.649221
0.649333
0.64942
0.64942
0.64942
0.64942
0.64942
0.64942
0.64942
0.64942
0.64942
0.649422
0.649444
0.649444
0.649444
0.64945
0.64945
0.64945
0.64945
0.649452
0.649461
0.649461
0.649461
0.649466
0.64968
0.649691
0.649691
0.649691
0.649691
0.649772
0.649801
0.649812
0.649812
0.649813
0.649813
0.649813
0.649813
0.649813
0.649813
0.649864
0.649878
0.649879
0.649903
0.650673
0.650673
0.650673
0.650716
0.65072
0.650725
0.650726
0.650742
0.650746
0.65075
0.650759
0.650759
0.650759
0.650759
0.650759
0.650759
0.650759
0.650833
0.650842
0.650844
0.650848
0.650848
0.650848
0.650848
0.650848
0.650848
0.650848
0.650848
0.650921
0.650922
0.650926
0.650926
0.650926
0.651373
0.651373
0.651424
0.651424
0.651424
0.651424
0.651434
0.651434
0.651434
0.651454
0.651454
0.651454
0.651546
0.651546
0.651546
0.651546
0.651546
0.651577
0.651577
0.651577
0.651577
0.651578
0.651578
0.651582
0.651801
0.651801
0.651801
0.651801
0.651801
0.651892
0.651892
0.651892
0.651973
0.651989
0.651989
0.65199
0.65199
0.65199
0.65199
0.65199
0.651994
0.652001
0.652033
0.652033
0.652033
0.652033
0.652175
0.652175
0.652189
0.65219
0.65219
0.65219
0.652195
0.652198
0.652201
0.652483
0.652483
0.652553
0.652556
0.652566
0.652566
0.652566
0.652566
0.652566
0.652566
0.652578
0.65258
0.652585
0.652586
0.652586
0.652661
0.652667
0.652667
0.652668
0.652716
0.652716
0.652716
0.652716
0.652723
0.652723
0.652723
0.652728
0.652728
0.653046
0.653046
0.653057
0.653057
0.653057
0.653057
0.653119
0.65312
0.653165
0.653165
0.653195
0.653196
0.653196
0.653198
0.653198
0.653198
0.653198
0.653213
0.653213
0.653213
0.653213
0.653213
0.653213
0.653213
0.653217
0.653217
0.653217
0.653217
0.653217
0.653217
0.653298
0.653298
0.653298
0.653298
0.653298
0.653298
0.653298
0.653298
0.653303
0.653303
0.653303
0.653303
0.653303
0.653334
0.653334
0.653334
0.653334
0.653334
0.653334
0.653334
0.653336
0.653336
0.653336
0.653336
0.653336
0.653336
0.653336
0.653358
0.653358
0.653358
0.653358
0.65339
0.65339
0.65339
0.65339
0.65339
0.65339
0.65339
0.653392
0.653396
0.653396
0.653431
0.653539
0.653543
0.653543
0.653543
0.653543
0.653546
0.653546
0.653615
0.653615
0.653635
0.653635
0.653681
0.65369
0.65369
0.653857
0.654097
0.654097
0.654099
0.654101
0.654101
0.654102
0.654108
0.654115
0.654115
0.654119
0.654127
0.654242
0.654263
0.654315
0.654327
0.654327
0.654327
0.654331
0.654331
0.654331
0.654391
0.654412
0.654412
0.654445
0.654445
0.654452
0.654452
0.654452
0.654456
0.654456
0.654456
0.654456
0.654525
0.654571
0.654571
0.654571
0.654578
0.654578
0.654578
0.654578
0.654578
0.654589
0.654592
0.654606
0.654617
0.654618
0.654633
0.654635
0.654635
0.654635
0.654635
0.654635
0.654635
0.654635
0.655012
0.655018
0.655045
0.655045
0.655085
0.655086
0.655086
0.655228
0.655228
0.65527
0.655286
0.655351
0.655365
0.655365
0.655365
0.655365
0.6554
0.655426
0.655426
0.655426
0.655426
0.655429
0.65543
0.655442
0.655445
0.65554
0.655561
0.655561
0.655673
0.655673
0.655706
0.655739
0.655742
0.655781
0.655782
0.655798
0.656192
0.656192
0.656555
0.656558
0.656558
0.65656
0.656561
0.656561
0.656561
0.656561
0.656561
0.656561
0.656561
0.656596
0.656644
0.656644
0.656816
0.656867
0.656867
0.656903
0.656931
0.656975
0.656988
0.656988
0.656988
0.656989
0.656992
0.656992
0.657059
0.657072
0.657072
0.657072
0.657096
0.657098
0.657105
0.657116
0.657124
0.657165
0.657167
0.657167
0.657171
0.657182
0.657197
0.657197
0.657203
0.657203
0.657203
0.657203
0.657204
0.657204
0.657281
0.657571
0.657571
0.657579
0.657581
0.657581
0.657812
0.657812
0.657812
0.657812
0.657812
0.657812
0.657812
0.657812
0.657812
0.657812
0.657812
0.657812
0.657812
0.657812
0.657813
0.657821
0.657821
0.657985
0.658007
0.658007
0.658068
0.658087
0.658087
0.658087
0.658104
0.658104
0.658115
0.658115
0.65915
0.659153
0.659153
0.659153
0.659153
0.659318
0.659318
0.659322
0.659323
0.659327
0.659327
0.659328
0.659328
0.659328
0.659328
0.65963
0.659644
0.659644
0.659645
0.65966
0.65966
0.65966
0.659791
0.659845
0.659845
0.659966
0.660429
0.660679
0.660681
0.660876
0.660877
0.660884
0.661024
0.661024
0.661024
0.661024
0.661031
0.661047
0.661047
0.661047
0.661084
0.661138
0.661145
0.661145
0.661147
0.661254
0.661254
0.661254
0.661254
0.662084
0.662084
0.662084
0.662084
0.662103
0.662406
0.662406
0.662407
0.66241
0.66241
0.66245
0.66245
0.66245
0.66245
0.662518
0.662518
0.662518
0.662518
0.662518
0.662564
0.662564
0.662564
0.662586
0.662587
0.662587
0.662592
0.662592
0.662592
0.662625
0.662627
0.662649
0.662682
0.662682
0.662689
0.662689
0.66269
0.66269
0.662738
0.662738
0.66275
0.663084
0.663084
0.663084
0.663084
0.66309
0.663092
0.663092
0.663092
0.663114
0.663116
0.663116
0.663116
0.663116
0.663116
0.663116
0.663118
0.663118
0.663141
0.663144
0.663156
0.663156
0.663156
0.66316
0.663236
0.663236
0.663236
0.663236
0.663236
0.663251
0.663305
0.663305
0.663305
0.663305
0.663305
0.663305
0.663311
0.663317
0.663328
0.663332
0.663346
0.663346
0.663348
0.663348
0.663348
0.663358
0.663358
0.663358
0.663358
0.66337
0.66337
0.66337
0.66337
0.663396
0.663397
0.663397
0.663397
0.663397
0.663409
0.663409
0.663416
0.663416
0.663416
0.663418
0.66342
0.66342
0.66342
0.66342
0.66342
0.663662
0.663662
0.663662
0.663693
0.663698
0.663698
0.663698
0.663698
0.663716
0.663722
0.663722
0.663722
0.663738
0.663738
0.663738
0.663821
0.663839
0.663844
0.663844
0.663891
0.663891
0.663891
0.663948
0.663948
0.663949
0.663949
0.664038
0.664069
0.664069
0.664069
0.664076
0.664092
0.664094
0.664094
0.664094
0.664094
0.664094
0.664094
0.664102
0.664106
0.664106
0.664106
0.664106
0.664106
0.664109
0.664109
0.664115
0.664116
0.664116
0.664116
0.664118
0.664204
0.664207
0.664207
0.66423
0.66423
0.664233
0.664233
0.664236
0.664236
0.664236
0.664236
0.664764
0.664784
0.664784
0.664943
0.664943
0.664944
0.665109
0.665109
0.665109
0.665109
0.665109
0.665331
0.665331
0.665331
0.665333
0.665352
0.665355
0.665355
0.665355
0.665355
0.665355
0.665355
0.665355
0.665355
0.665355
0.665355
0.665355
0.665355
0.665355
0.66536
0.665373
0.665373
0.665373
0.665373
0.665391
0.665391
0.665404
0.665405
0.665412
0.665586
0.665605
0.665619
0.665619
0.665619
0.665619
0.665638
0.665638
0.665708
0.665709
0.665709
0.666623
0.666623
0.666623
0.666624
0.66665
0.666661
0.666661
0.666661
0.666661
0.666661
0.666661
0.666663
0.666663
0.666663
0.666663
0.666663
0.666663
0.666667
0.666667
0.666673
0.666674
0.666674
0.666695
0.666701
0.666701
0.666701
0.666701
0.666703
0.666777
0.666864
0.666865
0.666875
0.666875
0.666875
0.666875
0.666875
0.666875
0.666912
0.666912
0.667037
0.667037
0.667046
0.667046
0.667046
0.667046
0.667046
0.667046
0.667046
0.667095
0.667096
0.667096
0.667096
0.667096
0.667096
0.667096
0.667203
0.667203
0.667211
0.667229
0.66723
0.667296
0.667296
0.667297
0.667297
0.667297
0.667297
0.667302
0.667302
0.667302
0.667302
0.667302
0.667308
0.667308
0.667308
0.667309
0.667309
0.667309
0.667374
0.667374
0.667374
0.667374
0.667388
0.667388
0.667388
0.667388
0.667388
0.667388
0.667388
0.66739
0.66739
0.667407
0.667407
0.667408
0.667421
0.667421
0.667421
0.667421
0.667421
0.667421
0.667421
0.667421
0.667421
0.667421
0.667514
0.667578
0.667578
0.667578
0.667578
0.667586
0.667586
0.66769
0.66769
0.66769
0.66769
0.66769
0.667696
0.667723
0.667723
0.667723
0.667798
0.667798
0.667798
0.667798
0.667798
0.667798
0.667798
0.667799
0.667802
0.667803
0.667803
0.667851
0.667858
0.667858
0.667859
0.667859
0.667859
0.667923
0.667924
0.667924
0.667982
0.667982
0.667988
0.667988
0.66802
0.668021
0.668027
0.668027
0.668033
0.668117
0.668176
0.668176
0.668179
0.6682
0.6682
0.6682
0.6682
0.6682
0.668233
0.668249
0.668249
0.668249
0.668249
0.668249
0.66825
0.6683
0.6683
0.66831
0.66831
0.668315
0.668315
0.668315
0.668326
0.668326
0.668326
0.668326
0.668326
0.668326
0.668329
0.668329
0.668329
0.66833
0.668332
0.668332
0.668355
0.668393
0.668393
0.668394
0.668394
0.668409
0.668411
0.668411
0.668411
0.668412
0.668412
0.668412
0.668412
0.668413
0.668418
0.668418
0.668478
0.668482
0.668514
0.668514
0.668514
0.668514
0.668514
0.668514
0.668514
0.668514
0.668514
0.668514
0.668517
0.668517
0.668517
0.668517
0.668577
0.66858
0.66858
0.668596
0.668602
0.668602
0.668602
0.668603
0.668603
0.668606
0.668606
0.668715
0.668718
0.668718
0.668719
0.668721
0.668721
0.668724
0.668724
0.668728
0.668734
0.668734
0.668734
0.668736
0.668736
0.668738
0.668738
0.668738
0.668742
0.668742
0.668743
0.668743
0.668743
0.668743
0.668744
0.668746
0.668746
0.668746
0.669452
0.669452
0.669455
0.669455
0.669457
0.669457
0.669477
0.669478
0.669483
0.669483
0.669647
0.669648
0.669648
0.669648
0.669648
0.669651
0.669651
0.669651
0.669651
0.669692
0.669708
0.66971
0.66971
0.66971
0.669717
0.66972
0.66972
0.670007
0.670007
0.670036
0.670036
0.670036
0.670036
0.670036
0.67004
0.67004
0.67004
0.67004
0.67004
0.67004
0.67004
0.670156
0.670243
0.670253
0.670253
0.670256
0.670256
0.670256
0.670261
0.670269
0.670269
0.670283
0.670284
0.670284
0.670284
0.670285
0.670318
0.670321
0.670321
0.670321
0.670342
0.670342
0.670342
0.670343
0.670373
0.670373
0.670373
0.670373
0.670618
0.670619
0.670619
0.670619
0.670619
0.670619
0.670619
0.670619
0.670698
0.67071
0.670711
0.670711
0.670712
0.670716
0.670716
0.670716
0.670958
0.670958
0.670958
0.670996
0.671001
0.671001
0.671001
0.671014
0.671014
0.671014
0.671014
0.671014
0.671016
0.671031
0.671031
0.671034
0.671034
0.671034
0.671146
0.671146
0.671209
0.671215
0.67122
0.671223
0.671224
0.671224
0.671224
0.671225
0.671225
0.671229
0.67123
0.67123
0.67123
0.671233
0.671233
0.671233
0.671242
0.671243
0.671244
0.671267
0.671268
0.671268
0.671268
0.671269
0.671292
0.671508
0.671509
0.671509
0.671713
0.671719
0.671719
0.671733
0.671734
0.671734
0.671737
0.67179
0.67225
0.67225
0.672292
0.672355
0.672398
0.672439
0.67246
0.672473
0.672497
0.672497
0.672497
0.672507
0.672507
0.672508
0.672511
0.672511
0.672511
0.672513
0.672574
0.672601
0.672601
0.67261
0.67261
0.67261
0.672613
0.67263
0.67263
0.67276
0.67276
0.672762
0.67278
0.67278
0.67278
0.672795
0.672797
0.672809
0.67281
0.672893
0.672895
0.672906
0.672906
0.672912
0.672912
0.672923
0.672924
0.672924
0.672944
0.672952
0.672952
0.672971
0.672971
0.672973
0.672973
0.672973
0.672973
0.67326
0.673303
0.673303
0.673304
0.673315
0.673317
0.673321
0.673326
0.673376
0.673376
0.673376
0.673376
0.673387
0.6734
0.673408
0.673408
0.673411
0.673412
0.673418
0.673418
0.673421
0.673421
0.673421
0.673453
0.673467
0.673576
0.673617
0.67362
0.67365
0.673655
0.673655
0.67382
0.67382
0.673834
0.673835
0.673835
0.673835
0.673847
0.673862
0.673862
0.673862
0.673879
0.673879
0.673879
0.673879
0.673887
0.673942
0.673942
0.673946
0.673946
0.674066
0.674066
0.674066
0.67417
0.67418
0.67418
0.674183
0.674183
0.674205
0.674205
0.674205
0.674205
0.674262
0.674262
0.674262
0.67432
0.67432
0.674329
0.674353
0.674445
0.674445
0.674445
0.674445
0.674482
0.674482
0.674664
0.674681
0.674682
0.674718
0.674718
0.674718
0.674732
0.674732
0.674732
0.674732
0.674732
0.67474
0.674742
0.674904
0.674904
0.674908
0.674971
0.675015
0.675016
0.675068
0.675098
0.675098
0.675103
0.675611
0.67562
0.67562
0.675655
0.675656
0.675656
0.675661
0.67597
0.675996
0.676176
0.676188
0.676234
0.676272
0.676272
0.676272
0.676272
0.676272
0.676272
0.676272
0.676272
0.676275
0.676276
0.676276
0.676276
0.676276
0.67632
0.67632
0.67632
0.67632
0.67632
0.676343
0.676343
0.676343
0.676346
0.676346
0.676346
0.67637
0.676381
0.676381
0.676382
0.676382
0.676382
0.676382
0.676388
0.676404
0.676404
0.676406
0.676406
0.676406
0.676406
0.676407
0.676407
0.676407
0.676407
0.676407
0.676407
0.676409
0.676409
0.676415
0.676469
0.67647
0.67647
0.676521
0.676528
0.676536
0.676536
0.676536
0.676536
0.676595
0.676595
0.676596
0.676596
0.676596
0.676596
0.676648
0.676648
0.676648
0.676648
0.67665
0.676652
0.676664
0.676664
0.676664
0.676665
0.676666
0.676666
0.676666
0.676669
0.676669
0.676669
0.676669
0.676671
0.676671
0.676671
0.676676
0.676676
0.676676
0.676676
0.676678
0.676678
0.676679
0.676681
0.676816
0.676869
0.676869
0.676869
0.676869
0.67687
0.67687
0.67687
0.67687
0.67687
0.67687
0.67687
0.67687
0.677
0.677002
0.677007
0.677007
0.677009
0.677009
0.677028
0.67703
0.67703
0.67703
0.677497
0.677497
0.677497
0.677497
0.677507
0.677507
0.677507
0.677509
0.677509
0.67751
0.677514
0.677582
0.677582
0.677587
0.677587
0.677588
0.677588
0.677588
0.677588
0.677588
0.677621
0.677621
0.677621
0.677621
0.677621
0.677621
0.677621
0.677653
0.677653
0.677653
0.677656
0.677664
0.677664
0.677664
0.677664
0.677664
0.677666
0.677667
0.677667
0.677667
0.677667
0.677667
0.677788
0.67782
0.677831
0.677831
0.677831
0.677831
0.6779
0.6779
0.677909
0.677909
0.677909
0.677914
0.677916
0.677916
0.677923
0.677924
0.677924
0.677924
0.677924
0.677924
0.677925
0.677943
0.677943
0.677947
0.677947
0.677947
0.677951
0.677951
0.677951
0.677951
0.677955
0.677965
0.677965
0.677966
0.677966
0.677968
0.677968
0.677968
0.677968
0.678077
0.678077
0.67816
0.67816
0.67816
0.67816
0.678161
0.678162
0.678173
0.678173
0.678173
0.678173
0.678173
0.678173
0.678173
0.678173
0.678173
0.678176
0.678178
0.678179
0.678179
0.67818
0.678182
0.678183
0.678183
0.678183
0.678183
0.678184
0.678184
0.678185
0.678186
0.67819
0.67819
0.67819
0.67819
0.678191
0.678191
0.678191
0.678191
0.678191
0.678191
0.678197
0.6782
0.6782
0.6782
0.6782
0.6782
0.678205
0.678205
0.678209
0.678209
0.678209
0.678209
0.678215
0.678217
0.678217
0.678218
0.678218
0.678219
0.678219
0.678289
0.678289
0.67829
0.678294
0.678326
0.678334
0.678335
0.678341
0.678425
0.678425
0.678425
0.678464
0.678491
0.678496
0.678496
0.678496
0.678496
0.678508
0.678508
0.678508
0.678511
0.678511
0.678511
0.678511
0.678511
0.678528
0.678528
0.678528
0.678608
0.678628
0.678628
0.678628
0.678628
0.678642
0.678908
0.67891
0.67891
0.678921
0.678921
0.678926
0.678996
0.678996
0.678996
0.679005
0.679006
0.67901
0.679014
0.679014
0.679028
0.679028
0.679152
0.679166
0.679166
0.679166
0.679188
0.679199
0.6792
0.679206
0.679206
0.679206
0.679206
0.679206
0.679217
0.679225
0.679351
0.679351
0.679351
0.679364
0.679364
0.679379
0.679379
0.679391
0.679392
0.679392
0.679395
0.679395
0.679395
0.679395
0.679407
0.679417
0.679418
0.679418
0.67944
0.67944
0.67944
0.679455
0.679455
0.679455
0.679455
0.679457
0.679458
0.679458
0.679458
0.679466
0.679466
0.679467
0.679468
0.679468
0.679472
0.679538
0.67954
0.67954
0.67954
0.67954
0.679623
0.679664
0.679696
0.679709
0.67971
0.67971
0.67971
0.679722
0.679722
0.679722
0.679724
0.679732
0.679736
0.679792
0.679792
0.67982
0.679822
0.679822
0.679825
0.679903
0.679987
0.680002
0.680014
0.680019
0.680025
0.68003
0.68003
0.680054
0.680079
0.680079
0.680094
0.680108
0.680115
0.680115
0.680118
0.68012
0.68012
0.68012
0.680128
0.680128
0.680128
0.680128
0.680128
0.680129
0.680129
0.680135
0.680135
0.680172
0.680172
0.680187
0.680191
0.680191
0.68023
0.68023
0.68023
0.68023
0.68023
0.680234
0.68038
0.68038
0.680381
0.680417
0.680417
0.680422
0.68043
0.680437
0.680437
0.680437
0.680547
0.680548
0.680548
0.680548
0.68055
0.68055
0.680558
0.68056
0.68056
0.68056
0.68056
0.680562
0.680562
0.680562
0.680562
0.680562
0.680565
0.680569
0.680569
0.680569
0.680569
0.680569
0.680619
0.680619
0.680622
0.680622
0.680622
0.680629
0.680632
0.680632
0.680632
0.680632
0.680632
0.680633
0.680633
0.680645
0.680645
0.680646
0.680646
0.680651
0.680651
0.680651
0.680659
0.680856
0.680856
0.680856
0.680856
0.680871
0.680871
0.680871
0.680871
0.680871
0.680871
0.680925
0.680925
0.680925
0.680925
0.680925
0.680932
0.681243
0.681244
0.681251
0.681251
0.681251
0.681251
0.681252
0.681258
0.681258
0.681298
0.681299
0.681299
0.681299
0.68156
0.68156
0.681612
0.681625
0.681626
0.681626
0.681629
0.681629
0.681635
0.681635
0.681635
0.681636
0.681637
0.681637
0.681637
0.68164
0.68164
0.68164
0.68164
0.68165
0.68165
0.68165
0.68165
0.68165
0.681651
0.681651
0.681651
0.681651
0.681651
0.681651
0.681651
0.681651
0.681651
0.681654
0.681654
0.681654
0.681654
0.681654
0.681787
0.681788
0.68179
0.682046
0.682046
0.682046
0.682046
0.682046
0.682072
0.682072
0.682525
0.682525
0.682525
0.682581
0.682581
0.682581
0.682581
0.682581
0.682581
0.68259
0.682606
0.682614
0.682614
0.682638
0.682638
0.682638
0.682638
0.682638
0.682639
0.682639
0.682639
0.682639
0.682639
0.682639
0.682659
0.682659
0.682659
0.682664
0.682664
0.682664
0.682671
0.682674
0.682678
0.682678
0.682678
0.682678
0.682678
0.682699
0.682699
0.682699
0.682699
0.682699
0.682699
0.682699
0.682699
0.682706
0.682707
0.682707
0.682707
0.682709
0.682709
0.682709
0.682709
0.682709
0.682727
0.68277
0.68277
0.68277
0.68277
0.68277
0.682827
0.682827
0.682828
0.682828
0.682828
0.682829
0.682918
0.682918
0.682923
0.682923
0.682923
0.682951
0.682951
0.682952
0.682952
0.682952
0.682952
0.682967
0.682973
0.682973
0.682982
0.682984
0.68333
0.68333
0.683391
0.683394
0.683394
0.683394
0.683394
0.683403
0.683403
0.683433
0.683433
0.683434
0.683434
0.683434
0.683434
0.683434
0.683434
0.68344
0.68344
0.683441
0.683441
0.683441
0.683441
0.683441
0.683454
0.68354
0.68354
0.68354
0.683548
0.683548
0.683548
0.683548
0.683548
0.683548
0.683548
0.683549
0.683549
0.683549
0.683549
0.683549
0.683549
0.683549
0.683549
0.683549
0.683549
0.683549
0.683549
0.683562
0.683562
0.683562
0.683564
0.683564
0.683564
0.683566
0.683568
0.683571
0.6837
0.6837
0.683703
0.683849
0.683849
0.684262
0.684262
0.684262
0.684262
0.684279
0.684279
0.684279
0.684279
0.68431
0.684353
0.684353
0.684353
0.68438
0.684381
0.684381
0.684381
0.684398
0.684398
0.684532
0.684551
0.684551
0.684551
0.684619
0.684657
0.684657
0.684657
0.684669
0.684682
0.684682
0.684682
0.684682
0.684682
0.684682
0.684682
0.684687
0.684687
0.684693
0.684693
0.684693
0.684693
0.684693
0.684693
0.684701
0.684701
0.684701
0.684704
0.684982
0.684982
0.684982
0.684982
0.685003
0.685003
0.685004
0.685004
0.685005
0.685005
0.685005
0.685005
0.685005
0.685005
0.685006
0.685006
0.685006
0.685028
0.685029
0.685029
0.685029
0.685094
0.685094
0.685094
0.685094
0.685094
0.685095
0.685095
0.685095
0.685095
0.685095
0.685095
0.685095
0.685096
0.685096
0.685098
0.685265
0.68528
0.685288
0.685288
0.685288
0.685289
0.68529
0.685356
0.685356
0.685356
0.685371
0.685371
0.685371
0.685371
0.685371
0.685372
0.685372
0.685372
0.685372
0.685463
0.685463
0.685463
0.685463
0.685607
0.685607
0.685607
0.685617
0.685626
0.685626
0.685626
0.685626
0.685626
0.685629
0.685629
0.685629
0.685643
0.685643
0.685643
0.685676
0.685706
0.685706
0.685706
0.685706
0.685707
0.685707
0.685707
0.685724
0.685747
0.685747
0.685747
0.685771
0.685833
0.685835
0.685835
0.685835
0.685835
0.685835
0.685835
0.685836
0.685836
0.685836
0.685836
0.685836
0.686324
0.686324
0.686324
0.686375
0.686375
0.686375
0.686378
0.686378
0.686411
0.686458
0.686484
0.686484
0.686506
0.686506
0.686507
0.686513
0.686545
0.686545
0.686551
0.686552
0.686552
0.686552
0.686552
0.686552
0.686552
0.686552
0.686554
0.686554
0.686554
0.686554
0.686554
0.686584
0.686584
0.686585
0.686585
0.686585
0.686597
0.6866
0.6866
0.686601
0.686601
0.686601
0.686605
0.686605
0.68684
0.68684
0.68684
0.68684
0.68684
0.68684
0.686872
0.686872
0.686902
0.686902
0.686902
0.686902
0.686902
0.686902
0.686932
0.686932
0.686932
0.686932
0.686932
0.686932
0.686932
0.686932
0.686934
0.686934
0.686934
0.686938
0.686938
0.68711
0.68711
0.687125
0.687134
0.687134
0.687134
0.687134
0.687134
0.687134
0.687134
0.687149
0.687149
0.688855
0.689011
0.689015
0.689015
0.689015
0.689015
0.689015
0.689015
0.689015
0.689015
0.689015
0.689015
0.689015
0.689015
0.689015
0.689015
0.689015
0.689602
0.689608
0.689608
0.689608
0.689608
0.689608
0.689622
0.689622
0.689622
0.689669
0.689669
0.69005
0.69005
0.69005
0.69005
0.69005
0.69005
0.690055
0.690057
0.690064
0.690064
0.690064
0.690064
0.690064
0.690064
0.690123
0.690123
0.690224
0.690224
0.690252
0.690252
0.690431
0.690431
0.690433
0.690433
0.690544
0.690544
0.690545
0.690545
0.690545
0.690546
0.690601
0.690602
0.690656
0.690665
0.690665
0.690697
0.690697
0.690697
0.690697
0.690697
0.690697
0.690697
0.690697
0.690697
0.690697
0.690697
0.690697
0.690697
0.690721
0.690721
0.690721
0.690721
0.690783
0.690783
0.690783
0.690783
0.690783
0.690783
0.690818
0.690818
0.690824
0.690825
0.691134
0.691134
0.691134
0.691134
0.691168
0.691169
0.691169
0.691177
0.691177
0.691264
0.691264
0.691264
0.691334
0.691334
0.691336
0.691351
0.691351
0.691351
0.691353
0.691355
0.691355
0.691402
0.691402
0.691402
0.691402
0.691402
0.691483
0.691483
0.691483
0.691529
0.691529
0.691529
0.691529
0.691529
0.691539
0.691539
0.691539
0.691542
0.69168
0.69168
0.691682
0.691718
0.691766
0.691766
0.691766
0.691766
0.691766
0.691766
0.691788
0.691789
0.691848
0.69185
0.69185
0.691885
0.691928
0.691928
0.691928
0.691928
0.69193
0.691967
0.691967
0.692042
0.692042
0.692046
0.69207
0.69207
0.69207
0.692071
0.692071
0.692078
0.692078
0.692081
0.692081
0.692081
0.692081
0.692081
0.692081
0.692081
0.692081
0.692081
0.692081
0.692087
0.692171
0.69218
0.692183
0.692183
0.692183
0.692183
0.692183
0.692185
0.692185
0.692235
0.692235
0.692235
0.692245
0.692245
0.692266
0.692266
0.692266
0.692266
0.692266
0.692266
0.692266
0.692266
0.692267
0.692321
0.692321
0.692321
0.692321
0.692321
0.692321
0.692376
0.69238
0.69238
0.692453
0.692453
0.692474
0.692474
0.692496
0.692496
0.692496
0.692522
0.692548
0.692548
0.692548
0.692548
0.692548
0.692549
0.692549
0.692549
0.692549
0.692617
0.692617
0.692617
0.692617
0.692638
0.692666
0.692666
0.692666
0.692673
0.692683
0.692701
0.692701
0.692701
0.692701
0.692713
0.692713
0.692713
0.692715
0.692717
0.69272
0.693323
0.693324
0.693324
0.693325
0.693388
0.693388
0.693411
0.693411
0.693411
0.693426
0.693426
0.693429
0.693429
0.693429
0.693429
0.693429
0.693429
0.693429
0.69343
0.69343
0.693434
0.693511
0.693511
0.693511
0.693593
0.693596
0.693596
0.693596
0.69371
0.69371
0.693802
0.693802
0.694336
0.694336
0.694336
0.694336
0.694346
0.694347
0.694552
0.694582
0.694725
0.694725
0.694737
0.694759
0.694759
0.694759
0.694797
0.694797
0.694813
0.694813
0.694814
0.694814
0.694815
0.694815
0.694906
0.694906
0.694952
0.694976
0.694976
0.695066
0.69511
0.695112
0.695112
0.695112
0.695112
0.695112
0.695112
0.695112
0.695182
0.695182
0.695207
0.69521
0.69521
0.695261
0.695261
0.695278
0.695279
0.695279
0.695604
0.695614
0.695614
0.695614
0.695632
0.695637
0.695637
0.69567
0.695675
0.695693
0.695706
0.695936
0.696115
0.696119
0.696119
0.69612
0.696125
0.696126
0.696126
0.696141
0.696191
0.696191
0.696191
0.696238
0.696238
0.696238
0.696243
0.696243
0.696277
0.696278
0.696278
0.696278
0.696278
0.696278
0.696278
0.696278
0.69628
0.696304
0.696323
0.696326
0.696326
0.696333
0.696333
0.696333
0.696333
0.696333
0.696333
0.696336
0.696336
0.696337
0.696337
0.696337
0.696348
0.696377
0.696391
0.696403
0.696464
0.696464
0.696464
0.696484
0.696485
0.696503
0.696511
0.696519
0.696519
0.696589
0.696605
0.696608
0.696616
0.696625
0.696711
0.696711
0.696799
0.696905
0.696914
0.696914
0.696915
0.696927
0.696927
0.696929
0.696954
0.696954
0.696961
0.69698
0.696991
0.696991
0.696991
0.697302
0.697306
0.697306
0.697306
0.697306
0.697308
0.697308
0.697308
0.697308
0.697308
0.697317
0.697317
0.697321
0.697321
0.697398
0.697398
0.697398
0.697426
0.697428
0.69743
0.697438
0.69746
0.697614
0.697614
0.697695
0.6977
0.6977
0.6977
0.6977
0.6977
0.6977
0.698039
0.69805
0.69805
0.698074
0.69811
0.698124
0.698127
0.698127
0.698147
0.698185
0.698206
0.698206
0.698206
0.698219
0.698219
0.698221
0.698285
0.69829
0.69829
0.698291
0.698291
0.698291
0.698292
0.698292
0.698301
0.698306
0.698306
0.698309
0.698311
0.698355
0.698355
0.698355
0.698507
0.698509
0.698515
0.698524
0.698529
0.698542
0.698544
0.698734
0.69874
0.698751
0.698751
0.698751
0.698751
0.698771
0.698796
0.698796
0.698815
0.69883
0.69883
0.698867
0.698869
0.698875
0.698901
0.698964
0.698964
0.699003
0.699003
0.699003
0.699003
0.699004
0.699005
0.699107
0.699107
0.699107
0.699107
0.699107
0.699107
0.699107
0.699107
0.699123
0.699123
0.699123
0.699123
0.699123
0.699123
0.699123
0.699124
0.69913
0.699205
0.699205
0.699238
0.699238
0.699238
0.699242
0.699373
0.699382
0.699383
0.699391
0.699401
0.699474
0.699485
0.699485
0.699485
0.699485
0.699764
0.699764
0.699765
0.699771
0.699773
0.699779
0.699814
0.699832
0.699834
0.699836
0.699846
0.699846
0.699848
0.699848
0.699848
0.699863
0.699903
0.699913
0.699913
0.699913
0.699913
0.699913
0.699952
0.699952
0.699953
0.699953
0.699955
0.699955
0.700081
0.700097
0.700097
0.700097
0.700102
0.700124
0.700142
0.700142
0.700153
0.700153
0.700158
0.700161
0.700161
0.700177
0.700177
0.700177
0.700257
0.700257
0.70026
0.70026
0.700261
0.700262
0.700264
0.700264
0.700266
0.70033
0.700331
0.70034
0.700419
0.700429
0.700429
0.700429
0.700541
0.700704
0.700709
0.700709
0.700709
0.700709
0.70071
0.700711
0.700721
0.700727
0.70073
0.70073
0.700743
0.700901
0.701963
0.701966
0.701966
0.702012
0.702066
0.702066
0.702066
0.702066
0.702071
0.702073
0.702073
0.702077
0.702083
0.702103
0.702103
0.702103
0.702113
0.702114
0.702118
0.702118
0.702133
0.702133
0.702133
0.702134
0.702134
0.702134
0.702134
0.702136
0.702136
0.702144
0.702144
0.702144
0.702147
0.702151
0.702151
0.702151
0.702151
0.702152
0.702157
0.702158
0.702166
0.702166
0.702167
0.702167
0.702169
0.702254
0.702254
0.702254
0.702279
0.70228
0.702281
0.702281
0.702281
0.702283
0.702288
0.702298
0.702301
0.702301
0.702306
0.702307
0.702309
0.702319
0.702319
0.702319
0.702319
0.702319
0.702319
0.702321
0.702348
0.702348
0.702348
0.702355
0.702355
0.702358
0.70236
0.702369
0.702369
0.70239
0.70239
0.702391
0.702395
0.702395
0.702422
0.702422
0.702422
0.702463
0.702463
0.702473
0.702473
0.703492
0.703493
0.703512
0.703512
0.703512
0.703521
0.703521
0.703625
0.703625
0.703633
0.703633
0.703633
0.703633
0.704346
0.704352
0.704355
0.704378
0.704379
0.704427
0.704427
0.704427
0.704428
0.704468
0.704469
0.704496
0.704496
0.704496
0.704548
0.704548
0.704895
0.704895
0.704895
0.704895
0.704895
0.704909
0.704914
0.704956
0.704